area,group,(POSITIONS)x,y,z,x,y,z,x,y,z,(TEXTURE)id,sizex,sizey,shiftx,shifty,light,opacity,sides,
0,50,-65,-79.98,-450,-65,13,-484,-65,-80.98,-452,4,100.6,100.6,0,0,100,100,-1,
0,50,34,13,-484,-65,13,-484,34,12,-486,4,100.6,100.6,0,0,100,100,0,
0,525,-239,100,166,-239,50,166,-139,100,166,6,100,100,0,0,100,100,1,
0,27,-339,165,301,-339,170,301,-439,165,301,3,100,100,-5,-100,100,100,1,
0,11,-339,45,-199,-339,50,-199,-439,45,-199,3,100,100,-5,-100,100,100,1,
0,21,-339,110,71,-339,110,81,-439,110,71,4,100,100,-10,-100,100,100,1,
0,517,-599,230,-489,-599,230,-449,-239,230,-489,11,250,250,-100,-900,100,100,1,
0,24,-439,140,131,-439,135,131,-339,140,131,3,100,100,0,0,100,100,1,
0,48,-218.99,118,-352,-122.99,118,-352,-218.99,114,-352,12,100,100,-99,-4,100,100,1,
0,400,-235,137,156.99,-143,137,156.99,-235,141,156.99,12,100,100,3,0,100,100,1,
0,35,-339,230,431,-339,235,431,-439,230,431,3,100,100,-5,-100,100,100,1,
0,50,-65,13.03,-483.91,34,13.03,-483.91,-65,-80.06,-450.17,4,100.6,100.6,0,0,100,100,1,
0,27,-339,160,291,-339,165,291,-439,160,291,3,100,100,-5,-100,100,100,1,
0,41,-339,270,511,-339,275,511,-439,270,511,3,100,100,-5,-100,100,100,1,
0,43,-439,300,561,-439,295,561,-339,300,561,3,100,100,0,0,100,100,1,
0,622,-339,250,291,-339,250,-279,-439,250,291,8,100,100,-770,260,100,100,1,
0,73,79.37,-69.7,128.27,79.37,-46.28,128.27,57.28,-69.7,118.49,18,413.76,426.71,-100,-100,100,100,1,
0,30,-439,195,351,-439,190,351,-339,195,351,3,100,100,0,0,100,100,1,
1,45,-329,300,331,-329,420,451,-449,300,331,3,58.92,58.92,0,0,100,100,0,
0,657,-139,140,161,-139,250,161,-139,140,231,3,100,100,40,40,100,100,1,
0,33,-439,230,431,-439,230,421,-339,230,431,4,100,100,0,0,100,100,1,
0,38,-439,250,471,-439,250,461,-339,250,471,4,100,100,0,0,100,100,1,
0,400,-239,141,161,-143,141,160.99,-239,137,161,12,100,100,-99,-4,100,100,1,
1,515,-639,310,-489,-639,230,-489,-599,310,-489,11,250,250,-100,-200,100,100,0,
0,33,-339,225,421,-339,230,421,-439,225,421,3,100,100,-5,-100,100,100,1,
0,23,-339,125,101,-339,125,111,-439,125,101,4,100,100,-10,-100,100,100,1,
0,28,-339,175,321,-339,180,321,-439,175,321,3,100,100,-5,-100,100,100,1,
0,41,-439,275,521,-439,275,511,-339,275,521,4,100,100,0,0,100,100,1,
0,44,90.99,-29,161,90.99,-79,161,90.99,-29,160,18,200,200,0,0,100,100,1,
1,521,-339,420,571,-339,410,571,-439,420,571,3,100,100,-50,-50,100,100,1,
0,639,-339,141,241,-339,301,561,-439,141,241,0,62.5,100,-239.74,-100,100,100,1,
0,50,-65,-80.98,-452,34,-80.98,-452,-65,12,-486,4,100.6,100.6,-100,-100,100,100,1,
1,692,-849,300,571,-849,300,331,-449,300,571,2,100,100,-240,-400,100,100,1,
0,33,-439,225,421,-439,225,411,-339,225,421,4,100,100,0,0,100,100,1,
0,39,-439,260,481,-439,255,481,-339,260,481,3,100,100,0,0,100,100,1,
0,41,-439,275,511,-439,270,511,-339,275,511,3,100,100,0,0,100,100,1,
0,39,-439,255,481,-439,255,471,-339,255,481,4,100,100,0,0,100,100,1,
0,662,-379,190,-439,-379,40,-439,-379,190,-489,3,100,100,-190,-50,100,100,1,
0,670,-439,230,166,-439,140,166,-444,230,166,3,100,100,-230,9,100,100,1,
0,42,-439,290,551,-439,290,541,-339,290,551,4,100,100,0,0,100,100,1,
0,12,140,-30,-440,140,-30,-390,91,-30,-440,18,204.08,200,-100,-100,100,100,1,
0,657,-139,250,231,-139,140,231,-139,250,161,3,100,100,-150,-110,100,100,1,
0,20,-339,90,-109,-339,95,-109,-439,90,-109,3,100,100,-5,-100,100,100,1,
0,50,-65,12,-486,-65,-80.98,-452,-65,13,-484,4,100.6,100.6,-99.61,-2.24,100,100,-1,
0,637,-439,140,251,-439,140,131,-339,140,251,4,83.33,100,0,0,100,100,1,
0,31,-339,205,381,-339,210,381,-439,205,381,3,100,100,-5,-100,100,100,1,
1,672,-449,300,451,-449,420,451,-449,300,331,3,83.33,83.33,0,0,100,100,-1,
0,26,-339,155,281,-339,160,281,-439,155,281,3,100,100,-5,-100,100,100,1,
0,55,91.19,-50,69,91.19,-55,69,91.19,-50,-29,3,100,100,2,34,100,100,1,
0,348,-189.9,156.94,-199.47,-190.76,155.84,-199.14,-194.95,156.94,-212.93,11,695.04,695.04,-4.98,-99.99,100,100,1,
0,18,-339,70,-149,-339,75,-149,-439,70,-149,3,100,100,-5,-100,100,100,1,
0,73,69.59,-69.7,150.37,69.59,-46.28,150.37,79.37,-69.7,128.27,18,413.76,426.71,-100,-100,100,100,1,
0,73,69.59,-46.28,150.37,69.59,-69.7,150.37,47.5,-46.28,140.58,18,413.76,426.71,-100,-100,100,100,1,
0,41,-339,275,511,-339,275,521,-439,275,511,4,100,100,-10,-100,100,100,1,
1,511,-329,420,451,-329,300,451,-329,420,571,3,83.33,83.33,-100,-100,100,100,1,
0,20,-339,95,-109,-339,95,-99,-439,95,-109,4,100,100,-10,-100,100,100,1,
0,637,-339,140,131,-339,140,251,-439,140,131,4,83.33,100,-100,-100,100,100,1,
0,503,-239,-20,161,-239,0,161,-239,-20,-410,6,100,100,-31,100,100,100,1,
0,602,-239,250,-489,-239,230,-489,-239,250,-449,3,100,100,0,-50,100,100,1,
0,400,-235,137,156.99,-235,137,-242.99,-239,137,156.99,12,100,100,-398,-4,100,100,1,
0,17,-439,70,-149,-439,70,-159,-339,70,-149,4,100,100,0,0,100,100,1,
0,18,-339,80,-139,-339,80,-129,-439,80,-139,4,100,100,-10,-100,100,100,1,
0,50,-65,-79.98,-450,34,-79.98,-450,-65,-80.98,-452,4,100.6,100.6,0,0,100,100,1,
0,29,-439,190,351,-439,190,341,-339,190,351,4,100,100,0,0,100,100,1,
0,524,-99,40,-489,-139,40,-489,-99,200,-489,0,100,100,0,120,100,100,1,
0,664,-379,250,-449,-379,230,-449,-379,250,-489,3,100,100,60,-50,100,100,1,
0,25,-439,145,261,-439,145,251,-339,145,261,4,100,100,0,0,100,100,1,
0,33,-339,220,411,-339,225,411,-439,220,411,3,100,100,-5,-100,100,100,1,
0,48,-219,118,-356,-218.99,118,-248,-219,114,-356,12,100,100,-5,0,100,100,1,
0,31,-439,205,371,-439,200,371,-339,205,371,3,100,100,0,0,100,100,1,
0,18,-339,75,-149,-339,75,-139,-439,75,-149,4,100,100,-10,-100,100,100,1,
0,26,-439,155,281,-439,155,271,-339,155,281,4,100,100,0,0,100,100,1,
0,49,34,-80,-470,34,17,-487,34,-81,-472,4,100.6,100.6,0,0,100,100,1,
0,49,-65,16,-489,-65,-81,-472,-65,17,-487,4,100.6,100.6,-2,-100,100,100,-1,
0,638,-339,100,-99,-339,100,61,-439,100,-99,4,62.5,100,-100,-100,100,100,1,
0,108,-339,300,561,-339,410,561,-439,300,561,5,96,100,0,0,100,100,1,
0,0,-139,-20,-489,-119,-50,-489,-139,-20,-409,6,100,100,0,0,100,100,1,
0,49,34,16,-489,34,-81,-472,34,17,-487,4,100.6,100.6,-99.06,-2.24,100,100,1,
0,669,-439,250,-279,-439,40,-279,-439,250,-209,3,100,100,-250,-570,100,100,1,
0,24,-339,135,121,-339,135,131,-439,135,121,4,100,100,-10,-100,100,100,1,
0,631,-379,40,-489,-379,40,-579,-239,40,-489,4,111.11,71.42,0,0,100,100,1,
0,400,-239,137,-246.99,-139,137,-246.99,-239,141,-246.99,12,100,100,-2,0,100,100,1,
0,33,-439,230,421,-439,225,421,-339,230,421,3,100,100,0,0,100,100,1,
1,677,-849,410,881,-849,300,881,121,410,881,3,90.9,90.9,-99.99,-881.73,100,100,1,
0,517,-239,230,-449,-239,230,-489,-599,230,-449,11,250,250,0,0,100,100,1,
0,29,-339,185,341,-339,190,341,-439,185,341,3,100,100,-5,-100,100,100,1,
0,14,80.98,-50,-390,80.98,-79,-390,109.99,-50,-390,18,344.82,344.82,-100,-100,100,100,1,
1,761,-439,420,571,-439,300,571,-449,420,571,3,83.33,83.33,-100,-100,100,100,1,
0,23,-439,130,111,-439,125,111,-339,130,111,3,100,100,0,0,100,100,1,
0,38,-339,245,451,-339,245,461,-439,245,451,4,100,100,-10,-100,100,100,1,
0,49,34,17,-487,-65,17,-487,34,16,-489,4,100.6,100.6,0,0,100,100,0,
0,49,34,17,-487,-65,17,-487,34,-80,-470,4,100.6,100.6,0,0,100,100,-1,
0,47,-239,-19,161,-233,-19,154,-220,-20,161,6,100,100,-9,-14,100,100,1,
0,49,-65,16,-489,34,16,-489,-65,17,-487,4,100.6,100.6,-99.59,-2.24,100,100,0,
1,519,-449,420,571,-449,300,571,-449,420,451,3,83.33,83.33,-100,-100,100,100,1,
0,49,-65,-81,-472,34,-81,-472,-65,16,-489,4,100.6,100.6,-100,-100,100,100,1,
0,11,-439,50,-199,-439,45,-199,-339,50,-199,3,100,100,0,0,100,100,1,
0,600,-239,-20,-449,-239,190,-449,-239,-20,-489,3,100,100,-20,0,100,100,1,
0,39,-439,255,471,-439,250,471,-339,255,471,3,100,100,0,0,100,100,1,
0,48,-218.99,114,-248,-219,114,-356,-218.99,118,-248,12,100,100,-103,-4,100,100,1,
0,634,-439,40,-209,-439,40,-279,-339,40,-209,4,142.85,100,0,0,100,100,1,
0,525,-239,0,161,-239,-20,161,-139,0,161,6,100,100,-220,-40,100,100,1,
1,519,-449,300,451,-449,420,451,-449,300,571,3,83.33,83.33,0,0,100,100,1,
0,5,-99,-80,161,141,-80,161,-99,200,161,6,100,100,0,0,100,100,1,
0,670,-439,300,571,-439,410,571,-439,300,451,3,100,100,50,-120,100,100,1,
0,100,-639,190,-449,-639,190,-489,-239,190,-449,11,250,250,0,0,100,100,1,
0,501,-139,250,231,-139,250,161,-239,250,231,8,100,100,0,0,100,100,1,
0,18,-339,75,-139,-339,80,-139,-439,75,-139,3,100,100,-5,-100,100,100,1,
0,43,-439,295,561,-439,295,551,-339,295,561,4,100,100,0,0,100,100,1,
0,26,-339,155,271,-339,155,281,-439,155,271,4,100,100,-10,-100,100,100,1,
0,21,-439,110,71,-439,105,71,-339,110,71,3,100,100,0,0,100,100,1,
0,667,-579,250,-449,-579,40,-449,-579,250,-279,3,100,100,-250,-250,100,100,1,
0,50,-65,12,-486,34,12,-486,-65,13,-484,4,100.6,100.6,-99.59,-2.24,100,100,0,
0,50,34,-80.98,-452,-65,-80.98,-452,34,-79.98,-450,4,100.6,100.6,-99.59,-2.24,100,100,1,
0,506,-579,250,-279,-579,40,-279,-439,250,-279,3,100,100,-250,-180,100,100,1,
0,29,-339,190,341,-339,190,351,-439,190,341,4,100,100,-10,-100,100,100,1,
0,400,-139,137,-246.99,-139,137,160.99,-139,141,-246.99,12,100,100,-5,-4,100,100,1,
0,21,-439,105,61,-439,100,61,-339,105,61,3,100,100,0,0,100,100,1,
0,658,-339,140,251,-339,250,251,-339,250,471,3,100,100,40,20,100,100,1,
0,25,-339,140,251,-339,145,251,-439,140,251,3,100,100,-5,-100,100,100,1,
0,2,-339,50,-189,-339,55,-189,-439,50,-189,3,100,100,-5,-100,100,100,1,
0,30,-439,195,361,-439,195,351,-339,195,361,4,100,100,0,0,100,100,1,
0,600,-239,190,-489,-239,-20,-489,-239,190,-449,3,100,100,-190,-40,100,100,1,
0,512,-379,150,-489,-379,40,-489,-239,150,-489,3,100,100,-150,-140,100,100,1,
0,506,-439,40,-279,-439,250,-279,-579,40,-279,3,100,100,40,40,100,100,1,
0,49,34,16,-489,-65,16,-489,34,-81,-472,4,100.6,100.6,0.4,0.93,100,100,1,
1,273,-639,310,-449,-639,310,-489,-599,310,-449,1,250,250,-100,-100,100,100,0,
0,400,-139,141,-246.99,-239,141,-246.99,-139,137,-246.99,12,100,100,-98,-4,100,100,1,
0,49,-65,-80,-470,34,-80,-470,-65,-81,-472,4,100.6,100.6,0,0,100,100,1,
0,661,-379,150,-579,-379,250,-579,-379,150,-489,3,100,100,0,0,100,100,1,
0,19,-339,90,-119,-339,90,-109,-439,90,-119,4,100,100,-10,-100,100,100,1,
0,634,-339,40,-279,-339,40,-209,-439,40,-279,4,142.85,100,-100,-100,100,100,1,
0,21,-339,105,61,-339,105,71,-439,105,61,4,100,100,-10,-100,100,100,1,
0,73,47.5,-46.28,140.58,47.5,-69.7,140.58,57.28,-46.28,118.49,18,413.76,426.71,-100,-100,100,100,1,
1,273,-599,310,-489,-599,310,-449,-639,310,-489,1,250,250,0,0,100,100,0,
0,48,-118.99,118,-248,-119,118,-356,-118.99,114,-248,12,100,100,-103,-4,100,100,1,
0,92,-187.93,35.72,-509.5,-187.93,35.72,-410.5,-237.32,121.55,-509.5,4,100.6,100.6,-99.59,-99.61,100,100,1,
0,669,-439,250,-209,-439,100,-209,-439,250,61,3,100,100,-400,100,100,100,1,
1,675,-849,300,-709,-849,410,-709,121,300,-709,3,90.9,90.9,0,0,100,100,1,
0,48,-122.99,114,-352,-123,114,-252,-118.99,114,-352,12,100,100,-1,0,100,100,1,
0,73,57.28,-69.7,118.49,57.28,-46.28,118.49,47.5,-69.7,140.58,18,413.76,426.71,3.03,-3.12,100,100,1,
0,42,-439,285,531,-439,280,531,-339,285,531,3,100,100,0,0,100,100,1,
0,25,-339,145,251,-339,145,261,-439,145,251,4,100,100,-10,-100,100,100,1,
0,35,-439,240,451,-439,240,441,-339,240,451,4,100,100,0,0,100,100,1,
0,42,-439,285,541,-439,285,531,-339,285,541,4,100,100,0,0,100,100,1,
0,670,-439,300,471,-439,250,471,-439,300,571,3,100,100,-250,0,100,100,1,
0,658,-339,250,451,-339,300,451,-339,250,471,3,100,100,0,30,100,100,1,
0,400,-139,141,160.99,-139,141,-246.99,-139,137,160.99,12,100,100,-403,0,100,100,1,
1,101,-639,190,-489,-639,310,-489,-639,190,-449,11,250,250,-100,-300,100,100,0,
0,14,81,-79,-361,81,-50,-361,110,-79,-361,18,344.82,344.82,0,0,100,100,1,
0,669,-339,100,61,-339,140,61,-339,140,141,3,100,100,50,500,100,100,1,
0,669,-439,100,61,-439,250,61,-439,100,-209,3,100,100,250,-370,100,100,1,
1,691,-329,300,571,-329,300,331,121,300,571,2,100,100,-240,-450,100,100,1,
1,691,121,300,331,121,300,571,-329,300,331,2,100,100,0,0,100,100,1,
0,92,-239.2,120.17,-509.5,-189.57,34.51,-509.5,-237.41,121.5,-509.5,4,100.6,100.6,-99.61,-2.24,100,100,1,
1,690,121,300,571,121,300,881,-849,300,571,2,100,100,-310,-970,100,100,1,
0,20,-439,95,-109,-439,90,-109,-339,95,-109,3,100,100,0,0,100,100,1,
1,760,-329,420,571,-329,300,571,-339,420,571,3,83.33,83.33,-100,-8,100,100,1,
0,92,-187.78,35.84,-509.5,-237.41,121.5,-509.5,-189.57,34.51,-509.5,4,100.6,100.6,0,0,100,100,1,
0,84,-122.65,250,-353.84,-119.65,250,-353.84,-122.65,-47,-353.84,25,3333.33,3333.33,-99.99,-9899.99,100,100,0,
0,17,-339,60,-169,-339,65,-169,-439,60,-169,3,100,100,-5,-100,100,100,1,
0,22,-439,115,91,-439,115,81,-339,115,91,4,100,100,0,0,100,100,1,
0,43,-339,300,561,-339,300,571,-439,300,561,4,100,100,-100,-10,100,100,1,
0,92,-239.2,120.17,-509.5,-239.2,120.17,-410.5,-189.57,34.51,-509.5,4,100.6,100.6,0.4,0.38,100,100,1,
0,305,-440,250,290,-439,410,451,-339,250,290,8,100,100,70,-61,100,100,1,
0,524,-139,200,-489,-99,200,-489,-139,40,-489,0,100,100,-40,-280,100,100,1,
0,631,-239,40,-579,-239,40,-489,-379,40,-579,4,111.11,71.42,-99.99,-99.98,100,100,1,
0,400,-139,141,160.99,-239,141,161,-139,141,156.99,12,100,100,-1,-100,100,100,1,
0,400,-139,137,156.99,-239,137,156.99,-139,137,160.99,12,100,100,-1,-100,100,100,1,
0,25,-439,150,271,-439,150,261,-339,150,271,4,100,100,0,0,100,100,1,
0,43,-439,300,571,-439,300,561,-339,300,571,4,100,100,90,-90,100,100,1,
0,658,-339,250,451,-339,410,451,-339,250,290,3,100,100,0,0,100,100,-1,
0,73,57.28,-46.28,118.49,79.37,-46.28,128.27,47.5,-46.28,140.58,24,413.76,413.76,0,-100,100,100,1,
0,33,-439,225,411,-439,220,411,-339,225,411,3,100,100,0,0,100,100,1,
0,237,-239,190,-449,-239,230,-449,-239,190,-489,1,250,250,-100,-100,100,100,0,
0,639,-439,101,-99,-439,41,-219,-339,101,-99,0,62.5,100,16.14,0,100,100,1,
0,512,-239,40,-489,-239,150,-489,-379,40,-489,3,100,100,40,0,100,100,1,
0,25,-339,150,261,-339,150,271,-439,150,261,4,100,100,-10,-100,100,100,1,
0,20,-439,95,-99,-439,95,-109,-339,95,-99,4,100,100,0,0,100,100,1,
0,29,-439,185,331,-439,180,331,-339,185,331,3,100,100,0,0,100,100,1,
0,92,-189.57,34.51,-509.5,-189.57,34.51,-410.5,-187.78,35.84,-509.5,4,100.6,100.6,-99.59,-2.24,100,100,1,
0,525,-239,50,166,-239,100,166,-239,50,161,6,100,100,0,-15,100,100,1,
0,78,-578.15,105.05,-285.83,-578.15,151.91,-285.83,-529.89,105.05,-285.83,18,206.86,213.34,-100,-100,100,100,1,
0,92,-239.2,120.17,-410.5,-239.2,120.17,-509.5,-237.41,121.5,-410.5,4,100.6,100.6,-99.59,-2.24,100,100,0,
0,611,-139,35,-489,-139,-20,-489,-139,35,-409,6,100,100,-90,-10,100,100,1,
0,22,-439,115,81,-439,110,81,-339,115,81,3,100,100,0,0,100,100,1,
0,669,-339,140,61,-339,250,61,-339,140,131,3,100,100,40,500,100,100,1,
0,42,-439,290,541,-439,285,541,-339,290,541,3,100,100,0,0,100,100,1,
0,400,-139,141,-242.99,-239,141,-242.99,-139,141,-246.99,12,100,100,1,-100,100,100,1,
0,662,-379,40,-489,-379,190,-489,-379,40,-439,3,100,100,40,0,100,100,1,
0,19,-439,85,-129,-439,80,-129,-339,85,-129,3,100,100,0,0,100,100,1,
0,39,-439,260,491,-439,260,481,-339,260,491,4,100,100,0,0,100,100,1,
1,694,-639,300,-709,-639,300,-449,-849,300,-709,2,100,100,0,0,100,100,1,
0,623,-339,250,131,-339,250,231,-239,250,131,8,100,100,-100,-100,100,100,1,
0,92,-187.78,35.84,-410.5,-187.78,35.84,-509.5,-189.57,34.51,-410.5,4,100.6,100.6,0,0,100,100,1,
0,637,-459,140,190,-459,140,290,-559,140,190,4,100,100,-100,-100,100,100,1,
0,26,-439,155,271,-439,150,271,-339,155,271,3,100,100,0,0,100,100,1,
0,26,-339,160,281,-339,160,291,-439,160,281,4,100,100,-10,-100,100,100,1,
0,400,-239,141,-242.99,-143,141,-242.99,-239,137,-242.99,12,100,100,-100,-4,100,100,1,
0,19,-339,80,-129,-339,85,-129,-439,80,-129,3,100,100,-5,-100,100,100,1,
0,237,-239,230,-489,-239,190,-489,-239,230,-449,1,250,250,0,0,100,100,0,
1,693,121,300,-449,121,300,331,-849,300,-449,2,100,100,0,0,100,100,1,
0,632,-579,40,-279,-579,40,-579,-379,40,-279,4,100,100,0,0,100,100,1,
0,698,-459,250,166,-459,140,166,-460,250,90,3,100,100,-300,-1,100,100,1,
0,14,110,-50,-361,110,-79,-361,81,-50,-361,18,344.82,344.82,-99.99,-99.99,100,100,1,
0,47,-239,35,-409,-239,35,-509,-139,35,-409,6,100,100,-100,-100,100,100,1,
0,86,-119.65,-47,-249.83,-122.65,-47,-249.83,-119.65,250,-249.83,25,3333.33,3333.33,0,0,100,100,0,
0,47,-139,35,-509,-139,35,-409,-239,35,-509,6,100,100,0,0,100,100,1,
0,42,-339,280,531,-339,285,531,-439,280,531,3,100,100,-5,-100,100,100,1,
0,14,81,-50,-361,80.98,-50,-390,110,-50,-361,18,344.82,344.82,-100,-100,100,100,1,
0,19,-439,90,-119,-439,85,-119,-339,90,-119,3,100,100,0,0,100,100,1,
1,514,-599,310,-449,-599,230,-449,-599,310,-489,11,250,250,0,0,100,100,0,
1,801,-70.76,353.73,-123,-70.76,299.26,-123,27.76,353.73,-123,17,91.34,101.49,-78,-100,100,100,0,
0,348,-184.55,147.63,-216.8,-194.95,156.94,-212.93,-185.39,146.53,-216.49,11,690.47,690.47,99,-2,100,100,1,
1,108,-339,410,571,-339,300,571,-439,410,571,5,97,100,-106.7,0,100,100,1,
0,78,-529.89,151.91,-285.83,-529.89,105.05,-285.83,-578.15,151.91,-285.83,18,206.86,213.34,3.06,-2.95,100,100,1,
0,670,-439,250,471,-439,300,471,-439,250,451,3,100,100,200,-20,100,100,1,
0,669,-339,250,-209,-339,40,-209,-339,250,-439,3,100,100,-250,-730,100,100,1,
0,348,-180.34,146.55,-203,-190.74,155.84,-199.12,-179.51,147.63,-203.36,11,690.47,690.47,-1.01,-7.97,100,100,1,
1,695,-599,300,-449,-599,300,-709,121,300,-449,2,100,100,0,0,100,100,1,
1,676,-849,410,-709,-849,300,-709,-849,410,881,3,90.9,90.9,-99.99,-1445.31,100,100,1,
0,11,-339,50,-199,-339,50,-189,-439,50,-199,4,100,100,-10,-100,100,100,1,
0,2,-339,55,-179,-339,60,-179,-439,55,-179,3,100,100,-5,-100,100,100,1,
0,73,79.37,-69.7,128.27,57.28,-69.7,118.49,69.59,-69.7,150.37,18,408.45,408.45,0,0,100,100,1,
0,503,-239,0,161,-239,140,161,-239,0,131,3,-100,-100,0,30,100,100,1,
0,51,91,-70,-35,141,-70,-35,91,-70,63,3,100,100,-50,-98,100,100,1,
0,348,-195.81,155.85,-212.59,-185.39,146.53,-216.49,-194.95,156.94,-212.93,11,690.47,690.47,-199.09,-7.93,100,100,1,
0,235,-139,140,161,-139,140,91,-139,250,161,13,100,100,0,0,100,40,0,
0,605,-239,150,-489,-239,250,-489,-139,150,-489,3,100,100,50,0,100,100,1,
0,2,-339,55,-189,-339,55,-179,-439,55,-189,4,100,100,-10,-100,100,100,1,
1,88,-328.24,299.26,-423,-328.24,353.73,-423,-426.76,299.26,-423,17,91.34,101.49,29,0,100,100,0,
0,400,-239,141,156.99,-239,141,-242.99,-139,141,156.99,12,100,100,0,-100,100,100,0,
1,88,-426.76,353.73,-423,-426.76,299.26,-423,-328.24,353.73,-423,17,91.34,101.49,-78,-100,100,100,0,
0,23,-439,125,101,-439,120,101,-339,125,101,3,100,100,0,0,100,100,1,
0,46,91.89,-78,160,91.89,-78,111.99,139.88,-78,160,18,208.96,208.96,-100,-100,100,100,1,
1,89,-628.24,299.26,177,-628.24,353.73,177,-726.76,299.26,177,17,91.34,101.49,29,0,100,100,0,
0,503,-239,0,131,-239,250,131,-239,0,-449,3,100,100,0,100,100,100,1,
0,348,-189.89,156.94,-199.43,-179.51,147.63,-203.36,-190.74,155.84,-199.12,11,690.47,690.47,-99,-2,100,100,1,
0,670,-444,140,166,-444,230,166,-439,140,166,3,100,100,140,-14,100,100,1,
0,12,91,-30,-390,91,-80,-390,91,-30,-440,18,200,200,-100,-100,100,100,1,
0,14,81,-50,-361,81,-79,-361,80.98,-50,-390,18,344.82,344.82,-100,-100,100,100,1,
0,639,-439,301,561,-439,141,241,-339,301,561,0,62.5,100,16.14,0,100,100,1,
0,31,-339,200,371,-339,205,371,-439,200,371,3,100,100,-5,-100,100,100,1,
0,20,-339,95,-99,-339,100,-99,-439,95,-99,3,100,100,-5,-100,100,100,1,
0,65,0,0,0,0,100,0,100,0,0,27,12.5,12.5,87.5,0,100,100,0,
0,19,-439,85,-119,-439,85,-129,-339,85,-119,4,100,100,0,0,100,100,1,
0,48,-118.99,118,-352,-218.99,118,-352,-119,118,-356,12,100,100,-1,-100,100,100,1,
0,73,47.5,-69.7,140.58,47.5,-46.28,140.58,69.59,-69.7,150.37,18,413.76,426.71,3.03,-3.12,100,100,1,
0,637,-659,140,290,-659,140,190,-559,140,290,4,100,100,0,0,100,100,1,
0,43,-439,295,551,-439,290,551,-339,295,551,3,100,100,0,0,100,100,1,
0,13,42,-30,-439,42,-80,-439,42,-30,-489,18,200,200,0,0,100,100,1,
0,15,90.89,-29.1,111.1,90.89,-79.19,111.1,91.89,-29.1,111.1,18,200,200,0,0,100,100,1,
0,510,-339,250,-439,-339,40,-439,-379,250,-439,3,100,100,-250,-200,100,100,1,
0,13,42,-80,-489,42,-30,-489,42,-80,-439,18,200,200,-100,-100,100,100,1,
0,62,-459,140,216,-459,250,216,-459,140,290,3,100,100,190,-75,100,100,1,
0,22,-339,115,91,-339,120,91,-439,115,91,3,100,100,-5,-100,100,100,1,
0,83,-214.65,-47,-353.84,-217.65,-47,-353.84,-214.65,250,-353.84,25,3333.33,3333.33,0,0,100,100,0,
0,35,-439,235,431,-439,230,431,-339,235,431,3,100,100,0,0,100,100,1,
0,61,-659,140,90,-659,250,90,-459,140,90,3,100,100,190,-75,100,100,1,
0,24,-439,135,121,-439,130,121,-339,135,121,3,100,100,0,0,100,100,1,
0,15,91.89,-79.19,161.1,91.89,-29.1,161.1,91.89,-79.19,111.1,18,200,200,0,0,100,100,1,
0,13,92,-30,-489,92,-30,-439,42,-30,-489,18,200,200,-100,-100,100,100,1,
1,674,121,300,-709,121,410,-709,121,300,881,3,90.9,90.9,0,0,100,100,1,
0,2,-439,55,-179,-439,55,-189,-339,55,-179,4,100,100,0,0,100,100,1,
0,32,-339,215,401,-339,220,401,-439,215,401,3,100,100,-5,-100,100,100,1,
0,15,90.89,-29.1,111.1,90.89,-79.19,111.1,90.89,-29.1,162.1,18,196.07,200,-100,-100,100,100,-1,
0,30,-339,190,351,-339,195,351,-439,190,351,3,100,100,-5,-100,100,100,1,
0,24,-439,135,131,-439,135,121,-339,135,131,4,100,100,0,0,100,100,1,
0,32,-439,220,401,-439,215,401,-339,220,401,3,100,100,0,0,100,100,1,
0,20,-439,100,-99,-439,95,-99,-339,100,-99,3,100,100,0,0,100,100,1,
0,610,141,250,161,141,250,-489,-239,250,161,8,100,100,-650,-380,100,100,1,
0,13,42,-30,-439,42,-30,-489,92,-30,-439,18,200,200,0,0,100,100,1,
0,61,-459,250,90,-459,140,90,-659,250,90,3,100,100,-300,-125,100,100,1,
0,0,-119,-50,-409,-139,-20,-409,-119,-50,-489,6,100,100,-36.04,-80,100,100,1,
0,15,90.89,-29.1,111.1,90.89,-29.1,161.1,91.89,-29.1,111.1,18,200,200,0,0,100,100,-1,
0,28,-439,175,311,-439,170,311,-339,175,311,3,100,100,0,0,100,100,1,
0,32,-439,215,391,-439,210,391,-339,215,391,3,100,100,0,-100,100,100,1,
0,40,-439,265,491,-439,260,491,-339,265,491,3,100,100,0,0,100,100,1,
0,29,-439,185,341,-439,185,331,-339,185,341,4,100,100,0,0,100,100,1,
0,27,-439,165,301,-439,165,291,-339,165,301,4,100,100,0,0,100,100,1,
0,604,-139,200,-489,-139,250,-489,141,200,-489,3,100,100,0,0,100,100,1,
0,25,-339,145,261,-339,150,261,-439,145,261,3,100,100,-5,-100,100,100,1,
0,633,-379,40,-279,-379,40,-439,-339,40,-279,4,62.5,250,0,0,100,100,1,
0,400,-239,137,161,-239,137,131,-239,141,161,12,100,100,-4,-4,100,100,1,
0,504,-379,250,-579,-379,40,-579,-579,250,-579,3,100,100,-250,-250,100,100,1,
0,27,-339,170,301,-339,170,311,-439,170,301,4,100,100,-10,-100,100,100,1,
0,668,-579,190,-489,-579,40,-489,-579,190,-449,3,100,100,-190,-190,100,100,1,
0,510,-379,40,-439,-379,250,-439,-339,40,-439,3,100,100,40,160,100,100,1,
0,0,-59,-80,161,-89,-70,161,-59,-80,-489,6,100,100,-80,-103,100,100,1,
0,22,-439,120,101,-439,120,91,-339,120,101,4,100,100,0,0,100,100,1,
0,44,140.99,-29,160,90.99,-29,160,140.99,-29,161,18,200,200,-2,-100,100,100,-1,
0,23,-439,130,121,-439,130,111,-339,130,121,4,100,100,0,0,100,100,1,
0,610,-239,250,-489,-239,250,161,141,250,-489,8,100,100,0,0,100,100,1,
0,27,-339,165,291,-339,165,301,-439,165,291,4,100,100,-10,-100,100,100,1,
0,62,-459,250,290,-459,140,290,-459,250,216,3,100,100,-300,1,100,100,1,
1,693,-849,300,331,-849,300,-449,121,300,331,2,100,100,-780,-970,100,100,1,
0,40,-439,265,501,-439,265,491,-339,265,501,4,100,100,0,0,100,100,1,
1,692,-449,300,331,-449,300,571,-849,300,331,2,100,100,0,0,100,100,1,
0,14,109.99,-50,-390,110,-50,-361,80.98,-50,-390,18,344.82,344.82,0,0,100,100,1,
0,2,-439,55,-189,-439,50,-189,-339,55,-189,3,100,100,0,0,100,100,1,
0,602,141,200,161,141,250,161,-139,200,161,3,100,100,0,0,100,100,1,
0,400,-139,137,156.99,-139,137,-242.99,-143,137,156.99,12,100,100,-399,-4,100,100,1,
0,36,139.99,-29.1,111.1,139.99,-79.19,111.1,140.99,-29.1,111.1,18,200,200,0,0,100,100,1,
0,92,-239.2,120.17,-410.5,-189.57,34.51,-410.5,-237.41,121.5,-410.5,4,100.6,100.6,-99.61,-2.24,100,100,-1,
0,19,-439,90,-109,-439,90,-119,-339,90,-109,4,100,100,0,0,100,100,1,
0,604,141,250,-489,141,200,-489,-139,250,-489,3,100,100,-50,-280,100,100,1,
0,11,-439,45,-209,-439,40,-209,-339,45,-209,3,100,100,0,0,100,100,1,
0,1,-219,-50,161,-219,-50,-409,-119,-50,161,6,100,100,-690,-200,100,100,1,
0,523,-139,40,-579,-139,150,-579,-139,40,-489,3,100,100,40,40,100,100,1,
0,666,-579,40,-489,-579,250,-489,-579,40,-579,3,100,100,40,0,100,100,1,
0,642,-659,249,89,-659,249,289,-459,249,89,8,100,100,-100,-100,100,100,1,
0,17,-439,70,-159,-439,65,-159,-339,70,-159,3,100,100,0,0,100,100,1,
0,23,-339,130,111,-339,130,121,-439,130,111,4,100,100,-10,-100,100,100,1,
0,23,-339,125,111,-339,130,111,-439,125,111,3,100,100,-5,-100,100,100,1,
0,635,-139,140,161,-139,140,231,-239,140,161,4,142.85,100,0,0,100,100,1,
0,29,-339,185,331,-339,185,341,-439,185,331,4,100,100,-10,-100,100,100,1,
0,41,-439,280,521,-439,275,521,-339,280,521,3,100,100,0,0,100,100,1,
0,35,-439,235,441,-439,235,431,-339,235,441,4,100,100,0,0,100,100,1,
1,515,-599,230,-489,-599,310,-489,-639,230,-489,11,250,250,-100,100,100,100,0,
0,660,-339,410,571,-339,300,571,-339,410,451,3,100,100,-160,-260,100,100,1,
0,505,-579,250,-489,-579,230,-489,-579,250,-449,3,100,100,-50,-50,100,100,1,
0,32,-439,220,411,-439,220,401,-339,220,411,4,100,100,0,0,100,100,1,
0,0,-119,-50,-489,-89,-70,-489,-119,-50,161,6,100,100,-570,35,100,100,1,
0,661,-379,250,-489,-379,150,-489,-379,250,-579,3,100,100,-100,-90,100,100,1,
0,28,-439,180,321,-439,175,321,-339,180,321,3,100,100,0,0,100,100,1,
0,28,-439,175,321,-439,175,311,-339,175,321,4,100,100,0,0,100,100,1,
0,23,-339,120,101,-339,125,101,-439,120,101,3,100,100,-5,-100,100,100,1,
0,60,-459,140,289,-459,250,289,-659,140,290,3,100,100,190,-75,100,100,1,
0,659,-339,140,231,-339,250,231,-339,140,251,3,100,100,40,0,100,100,1,
0,14,80.98,-79,-390,80.98,-50,-390,81,-79,-361,18,344.82,344.82,0,0,100,100,1,
0,32,-439,215,401,-439,215,391,-339,215,401,4,100,100,0,0,100,100,1,
0,38,-339,245,461,-339,250,461,-439,245,461,3,100,100,-5,-100,100,100,1,
0,603,141,200,-489,141,250,-489,141,200,161,3,100,100,0,0,100,100,1,
0,48,-219,118,-356,-119,118,-356,-218.99,118,-352,12,100,100,-99,95.99,100,100,1,
0,637,-559,140,90,-559,140,190,-659,140,90,4,100,100,-100,-100,100,100,1,
0,83,-217.65,250,-353.84,-214.65,250,-353.84,-217.65,-47,-353.84,25,3333.33,3333.33,-99.99,-9899.99,100,100,0,
0,521,-239,230,-488.99,-239,190,-488.99,-639,230,-489,11,250,250,0,0,100,100,1,
0,637,-659,140,190,-659,140,90,-559,140,190,4,100,100,0,0,100,100,1,
0,632,-379,40,-579,-379,40,-279,-579,40,-579,4,100,100,-300,-200,100,100,1,
0,14,109.99,-50,-390,109.99,-79,-390,110,-50,-361,18,344.82,344.82,0,0,100,100,1,
0,39,-339,255,471,-339,255,481,-439,255,471,4,100,100,-10,-100,100,100,1,
0,36,139.99,-29.1,111.1,139.99,-79.19,111.1,139.99,-29.1,162.1,18,196.07,200,-100,-100,100,100,-1,
0,48,-118.97,118,-248,-219,118,-248,-118.97,118,-252,12,100,100,-99.02,-4,100,100,1,
0,15,91.89,-79.19,111.1,91.89,-29.1,111.1,90.89,-79.19,111.1,18,200,200,-100.18,-2,100,100,1,
0,501,-239,250,161,-239,250,231,-139,250,161,8,100,100,-70,-100,100,100,1,
0,85,-217.65,250,-249.83,-214.65,250,-249.83,-217.65,-47,-249.83,25,3333.33,3333.33,-99.99,-9899.99,100,100,0,
0,14,110,-79,-361,110,-50,-361,109.99,-79,-390,18,344.82,344.82,-99.99,-99.99,100,100,1,
0,31,-439,210,391,-439,210,381,-339,210,391,4,100,100,0,0,100,100,1,
0,40,-439,270,501,-439,265,501,-339,270,501,3,100,100,0,0,100,100,1,
0,35,-339,240,441,-339,240,451,-439,240,441,4,100,100,-10,-100,100,100,1,
1,676,-849,300,881,-849,410,881,-849,300,-709,3,90.9,90.9,0,0,100,100,1,
0,42,-339,285,541,-339,290,541,-439,285,541,3,100,100,-5,-100,100,100,1,
0,666,-579,250,-579,-579,40,-579,-579,250,-489,3,100,100,-250,-90,100,100,1,
1,101,-639,310,-449,-639,190,-449,-639,310,-489,11,250,250,-200,200,100,100,0,
0,74,-438.16,174.54,217.95,-438.16,189.03,217.95,-439.61,174.54,217.95,11,690.47,690.47,-2,-2,100,100,1,
0,623,-239,250,231,-239,250,131,-339,250,231,8,100,100,0,0,100,100,1,
1,677,121,300,881,121,410,881,-849,300,881,3,90.9,90.9,0,0,100,100,1,
0,108,-339,410,561,-339,410,571,-439,410,561,5,60,100,-6,0,100,100,1,
0,11,-339,40,-209,-339,45,-209,-439,40,-209,3,100,100,-5,-100,100,100,1,
0,72,-619.14,172,233.85,-636.14,172,262.14,-590.85,172,250.85,18,299.13,299.13,-98,-98,100,100,1,
0,60,-659,250,290,-659,140,290,-459,250,289,3,100,100,-300,-125,100,100,1,
0,508,-239,250,131,-239,140,131,-339,250,131,3,100,100,-150,-100,100,100,1,
0,35,-339,235,441,-339,240,441,-439,235,441,3,100,100,-5,-100,100,100,1,
0,91,-204.28,-50.56,75.89,-199.61,-48.79,76.02,-239.09,41.02,77.81,3,100,100,-6.99,-132,100,100,1,
0,503,-239,0,-410,-239,-20,-410,-239,0,161,6,100,100,11,-671,100,100,1,
0,502,-339,250,231,-339,140,231,-139,250,231,3,100,100,-200,-150,100,100,1,
0,24,-339,130,121,-339,135,121,-439,130,121,3,100,100,-5,-100,100,100,1,
0,47,-233,-19,154,-239,-19,161,-239,-20,141,6,100,100,0,0,100,100,1,
0,36,139.99,-29.1,111.1,139.99,-29.1,161.1,140.99,-29.1,111.1,18,200,200,0,0,100,100,-1,
0,13,42,-80,-439,42,-30,-439,91,-80,-439,18,204.08,200,-100,-100,100,100,1,
0,3,141,-80,-489,-99,-80,-489,141,200,-489,6,100,100,0,0,100,100,1,
0,36,139.99,-79.19,162.1,139.99,-29.1,162.1,139.99,-79.19,111.1,18,196.07,200,1.77,-2,100,100,-1,
1,761,-449,300,571,-449,420,571,-439,300,571,3,83.33,83.33,100.01,91.66,100,100,1,
0,698,-460,140,90,-460,250,90,-459,140,166,3,100,100,190,-75,100,100,1,
0,74,-439.61,174.55,232.34,-438.16,174.54,232.35,-439.61,174.55,217.94,11,694.67,694.67,89.92,-100.03,100,100,1,
0,40,-339,265,491,-339,265,501,-439,265,491,4,100,100,-10,-100,100,100,1,
0,39,-339,250,471,-339,255,471,-439,250,471,3,100,100,-5,-100,100,100,1,
0,21,-339,100,61,-339,105,61,-439,100,61,3,100,100,-5,-100,100,100,1,
0,26,-339,150,271,-339,155,271,-439,150,271,3,100,100,-5,-100,100,100,1,
0,41,-439,280,531,-439,280,521,-339,280,531,4,100,100,0,0,100,100,1,
0,1,-119,-50,-409,-119,-50,161,-219,-50,-409,6,100,100,120,100,100,100,1,
0,21,-439,105,71,-439,105,61,-339,105,71,4,100,100,0,0,100,100,1,
0,6,90.99,-29,112,90.99,-79,112,90.99,-29,111,18,200,200,0,0,100,100,1,
0,4,141,-80,161,141,-80,-489,141,200,161,6,100,100,0,0,100,100,1,
1,516,-639,310,-449,-639,230,-449,-599,310,-449,11,250,250,0,0,100,100,0,
0,13,91,-30,-439,91,-80,-439,42,-30,-439,18,204.08,200,-2.04,2,100,100,1,
0,41,-339,280,521,-339,280,531,-439,280,521,4,100,100,-10,-100,100,100,1,
0,698,-459,250,216,-459,230,216,-459,250,166,3,100,100,-300,-1,100,100,1,
0,633,-339,40,-439,-339,40,-279,-379,40,-439,4,62.5,250,-100,-100,100,100,1,
0,49,34,-81,-472,-65,-81,-472,34,-80,-470,4,100.6,100.6,-99.59,-2.24,100,100,1,
0,1,141,-80,-489,141,-80,161,-59,-80,-489,6,100,100,0,0,100,100,1,
0,19,-339,85,-119,-339,90,-119,-439,85,-119,3,100,100,-5,-100,100,100,1,
0,6,140.99,-29,111,90.99,-29,111,140.99,-29,112,18,200,200,-2,-100,100,100,-1,
0,6,140.99,-79,111,140.99,-29,111,90.99,-79,111,18,200,200,0,0,100,100,1,
0,29,-439,190,341,-439,185,341,-339,190,341,3,100,100,0,0,100,100,1,
0,638,-439,100,61,-439,100,-99,-339,100,61,4,62.5,100,0,0,100,100,1,
0,33,-339,225,411,-339,225,421,-439,225,411,4,100,100,-10,-100,100,100,1,
1,695,121,300,-709,121,300,-449,-599,300,-709,2,100,100,-260,-720,100,100,1,
0,602,-139,250,161,-139,200,161,141,250,161,3,100,100,-50,-280,100,100,1,
0,619,-379,150,-579,-379,150,-489,-139,150,-579,8,100,100,0,0,100,100,1,
0,18,-439,75,-139,-439,75,-149,-339,75,-139,4,100,100,0,0,100,100,1,
0,31,-439,205,381,-439,205,371,-339,205,381,4,100,100,0,0,100,100,1,
0,630,-239,40,-509,-239,40,-579,-139,40,-509,4,142.85,100,0,0,100,100,1,
0,670,-439,410,451,-439,300,451,-439,410,571,3,100,100,-160,0,100,100,1,
0,36,140.99,-79.19,111.1,140.99,-29.1,111.1,139.99,-79.19,111.1,18,200,200,-100.18,-2,100,100,1,
0,50,34,12,-486,-65,12,-486,34,-80.98,-452,4,100.6,100.6,0.4,0.38,100,100,1,
0,28,-339,170,311,-339,175,311,-439,170,311,3,100,100,-5,-100,100,100,1,
0,504,-579,40,-579,-579,250,-579,-379,40,-579,3,100,100,40,50,100,100,1,
0,6,90.99,-29,112,140.99,-29,112,90.99,-29,111,18,200,200,-98,98,100,100,-1,
0,508,-339,140,131,-339,250,131,-239,140,131,3,100,100,40,0,100,100,1,
0,665,-139,150,-579,-139,40,-579,-379,150,-579,3,100,100,-250,-150,100,100,1,
0,10,142,-30,-490,142,-30,-440,92,-30,-490,18,200,200,0,0,100,100,1,
0,6,90.99,-29,112,90.99,-79,112,141.99,-29,112,18,196.07,200,-100,-100,100,100,-1,
0,10,92,-30,-440,92,-30,-490,142,-30,-440,18,200,200,-100,-100,100,100,1,
0,6,141.99,-79,112,141.99,-29,112,140.99,-79,111,18,200,200,0,0,100,100,0,
0,4,141,200,-489,141,200,161,141,-80,-489,6,100,100,-650,-280,100,100,1,
1,760,-339,300,571,-339,420,571,-329,300,571,3,83.33,83.33,0,0,100,100,1,
0,0,-89,-70,-489,-59,-80,-489,-89,-70,161,6,100,100,48.37,-547,100,100,1,
0,44,90.99,-29,161,140.99,-29,161,90.99,-29,160,18,200,200,-98,98,100,100,-1,
0,637,-559,140,290,-559,140,190,-459,140,290,4,100,100,0,0,100,100,1,
0,348,-194.95,156.94,-212.93,-184.54,147.62,-216.8,-189.89,156.94,-199.45,29,689.81,695.07,-199,-100,100,100,1,
0,620,-579,250,-579,-579,250,-279,-379,250,-579,8,100,100,0,0,100,100,1,
0,44,140.99,-79,160,140.99,-29,160,90.99,-79,160,18,200,200,0,0,100,100,1,
0,637,-559,140,190,-559,140,90,-459,140,190,4,100,100,0,0,100,100,1,
0,15,90.89,-79.19,162.1,90.89,-29.1,162.1,90.89,-79.19,111.1,18,196.07,200,1.77,-2,100,100,-1,
0,37,-239,190,-449,-239,230,-449,-639,190,-449,11,250,250,0,0,100,100,1,
1,690,-849,300,881,-849,300,571,121,300,881,2,100,100,0,0,100,100,1,
0,39,-339,255,481,-339,260,481,-439,255,481,3,100,100,-5,-100,100,100,1,
0,642,-459,249,289,-459,249,89,-659,249,289,8,100,100,-100,-100,100,100,1,
0,502,-139,140,231,-139,250,231,-339,140,231,3,100,100,90,-50,100,100,1,
0,611,-239,40,-509,-239,39,-509,-239,40,-489,4,100,100,-1,-20,100,100,1,
0,43,-339,295,561,-339,300,561,-439,295,561,3,100,100,-5,-100,100,100,1,
0,44,90.99,-79,160,90.99,-29,160,90.99,-79,161,18,200,200,-100,-2,100,100,1,
0,40,-339,260,491,-339,265,491,-439,260,491,3,100,100,-5,-100,100,100,1,
0,92,-189.57,34.51,-410.5,-189.57,34.51,-509.5,-239.2,120.17,-410.5,4,100.6,100.6,-100,-100,100,100,1,
0,49,-65,-80,-470,34,-80,-470,-65,17,-487,4,100.6,100.6,-99.59,-99.06,100,100,-1,
0,611,-239,39,-489,-239,40,-489,-239,39,-509,4,100,100,0,0,100,100,1,
0,611,-239,40,-509,-239,39,-509,-139,40,-509,4,100,100,-1,-100,100,100,-1,
0,32,-339,210,391,-339,215,391,-439,210,391,3,100,100,-5,0,100,100,1,
0,18,-439,80,-139,-439,75,-139,-339,80,-139,3,100,100,0,0,100,100,1,
0,400,-239,141,-246.99,-139,141,-246.99,-239,141,-242.99,12,100,100,-101,96,100,100,1,
0,611,-139,39,-509,-139,40,-509,-239,39,-509,4,100,100,0,0,100,100,-1,
0,611,-239,39,-509,-239,35,-509,-239,39,-489,6,100,100,-4,-20,100,100,1,
0,73,57.28,-46.28,118.49,57.28,-69.7,118.49,79.37,-46.28,128.27,18,413.76,426.71,3.03,-3.12,100,100,1,
0,26,-439,160,281,-439,155,281,-339,160,281,3,100,100,0,0,100,100,1,
0,305,-338,410,451,-339,250,290,-439,410,451,8,100,100,-296,-40,100,100,1,
0,611,-239,35,-489,-239,39,-489,-239,35,-509,6,100,100,0,0,100,100,1,
0,611,-139,40,-509,-139,35,-509,-139,40,-489,6,100,100,-5,-20,100,100,-1,
0,611,-139,35,-489,-139,40,-489,-139,35,-509,6,100,100,0,0,100,100,-1,
0,22,-339,110,81,-339,115,81,-439,110,81,3,100,100,-5,-100,100,100,1,
0,85,-214.65,-47,-249.83,-217.65,-47,-249.83,-214.65,250,-249.83,25,3333.33,3333.33,0,0,100,100,0,
0,50,34,-79.98,-450,34,13,-484,34,-80.98,-452,4,100.6,100.6,0,0,100,100,1,
0,18,-439,75,-149,-439,70,-149,-339,75,-149,3,100,100,0,0,100,100,1,
0,2,-439,60,-169,-439,60,-179,-339,60,-169,4,100,100,0,0,100,100,1,
1,520,-449,420,571,-449,420,451,-329,420,571,8,83.33,83.33,0,0,100,100,1,
0,30,-439,200,371,-439,200,361,-339,200,371,4,100,100,0,0,100,100,1,
0,74,-459.7,189.03,217.94,-459.71,174.54,217.95,-458.25,189.04,217.94,11,690.47,690.47,-99,-2,100,100,1,
0,5,141,200,161,-99,200,161,141,-80,161,6,100,100,-240,-280,100,100,1,
0,632,-233.1,-20,-402.7,-239,-20,-389,-239,-20,-400,6,100,100,0,0,100,100,1,
1,521,-439,410,571,-439,420,571,-339,410,571,3,100,100,40,-50,100,100,1,
0,12,91,-80,-440,91,-30,-440,91,-80,-390,18,200,200,0,0,100,100,1,
0,663,-379,250,-439,-379,190,-439,-379,250,-449,3,100,100,-100,-10,100,100,1,
0,611,-239,35,-409,-239,-20,-409,-139,35,-409,6,100,100,-90,20,100,100,-1,
0,15,91.89,-29.1,161.1,91.89,-29.1,111.1,90.89,-29.1,161.1,18,200,200,-100,-2,100,100,-1,
0,38,-439,245,461,-439,245,451,-339,245,461,4,100,100,0,0,100,100,1,
0,0,-89,-70,161,-119,-50,161,-89,-70,-489,6,100,100,533.94,-685,100,100,1,
0,55,91.19,-55,-29,91.19,-50,-29,91.19,-55,69,3,100,100,-7,-132,100,100,1,
0,605,-139,250,-489,-139,150,-489,-239,250,-489,3,100,100,-150,-100,100,100,1,
0,35,-439,240,441,-439,235,441,-339,240,441,3,100,100,0,0,100,100,1,
1,516,-599,230,-449,-599,310,-449,-639,230,-449,11,250,250,-200,-100,100,100,0,
0,636,-239,140,131,-239,140,231,-339,140,131,4,100,100,0,0,100,100,1,
0,664,-379,230,-489,-379,250,-489,-379,230,-449,3,100,100,-80,10,100,100,1,
0,400,-239,141,156.99,-139,141,156.99,-239,141,161,12,100,100,-99,96,100,100,1,
0,43,-339,290,551,-339,295,551,-439,290,551,3,100,100,-5,-100,100,100,1,
0,620,-379,250,-279,-379,250,-579,-579,250,-279,8,100,100,-300,-200,100,100,1,
0,521,-639,190,-489,-639,230,-489,-239,190,-488.99,11,250,250,-100,-1000,100,100,1,
0,96,-184,249.99,185.34,-184,249.99,195.32,-194,249.99,185.34,31,1000,1000,-99.79,-100,100,100,0,
0,30,-339,200,361,-339,200,371,-439,200,361,4,100,100,-10,-100,100,100,1,
0,660,-339,300,451,-339,410,451,-339,300,571,3,100,100,50,140,100,100,1,
0,682,-659,250,90,-659,140,90,-659,250,290,3,100,100,-300,-125,100,100,1,
0,682,-659,140,290,-659,250,290,-659,140,90,3,100,100,190,-75,100,100,1,
0,611,-239,39,-509,-239,35,-509,-139,39,-509,6,100,100,-4,-100,100,100,-1,
1,671,-329,300,451,-329,420,451,-329,300,331,3,83.33,83.33,0,0,100,100,1,
0,18,-439,80,-129,-439,80,-139,-339,80,-129,4,100,100,0,0,100,100,1,
0,603,141,250,161,141,200,161,141,250,-489,3,100,100,-50,-650,100,100,1,
0,611,-139,35,-509,-139,39,-509,-239,35,-509,6,100,100,0,0,100,100,-1,
0,29,-339,180,331,-339,185,331,-439,180,331,3,100,100,-5,-100,100,100,1,
1,511,-329,300,571,-329,420,571,-329,300,451,3,83.33,83.33,0,0,100,100,1,
0,409,-239,-20,-400,-239,-20,-409,-219,-20,-409,6,100,100,0,0,100,100,1,
0,40,-439,270,511,-439,270,501,-339,270,511,4,100,100,0,0,100,100,1,
0,611,-139,-20,-409,-139,35,-409,-139,-20,-489,6,100,100,35,-70,100,100,1,
0,400,-139,141,-242.99,-139,141,156.99,-239,141,-242.99,12,100,100,-400,0,100,100,0,
0,6,141.99,-79,112,141.99,-29,112,90.99,-79,112,18,196.07,200,1.96,-2,100,100,-1,
0,48,-215,118,-252,-214.99,118,-356,-215,114,-252,12,100,100,-1,0,100,100,1,
0,28,-339,175,311,-339,175,321,-439,175,311,4,100,100,-10,-100,100,100,1,
0,27,-439,165,291,-439,160,291,-339,165,291,3,100,100,0,0,100,100,1,
0,12,91,-80,-390,91,-30,-390,140,-80,-390,18,204.08,200,-100,-100,100,100,1,
0,38,-339,240,451,-339,245,451,-439,240,451,3,100,100,-5,-100,100,100,1,
0,22,-339,115,81,-339,115,91,-439,115,81,4,100,100,-10,-100,100,100,1,
1,694,-849,300,-449,-849,300,-709,-639,300,-449,2,100,100,-260,-210,100,100,1,
0,11,-339,45,-209,-339,45,-199,-439,45,-209,4,100,100,-10,-100,100,100,1,
0,100,-239,190,-489,-239,190,-449,-639,190,-489,11,250,250,-100,-1000,100,100,1,
0,31,-439,210,381,-439,205,381,-339,210,381,3,100,100,0,0,100,100,1,
0,48,-119,118,-252,-218.99,118,-252,-119,114,-252,12,100,100,0,-100,100,100,1,
0,15,91.89,-29.1,111.1,91.89,-79.19,111.1,91.89,-29.1,161.1,18,200,200,-100.18,-100,100,100,1,
0,48,-219,114,-248,-119.01,114,-248,-218.99,114,-252,12,100,100,-2,0,100,100,1,
0,12,140,-30,-390,140,-80,-390,91,-30,-390,18,204.08,200,-2.04,2,100,100,1,
0,6,90.99,-29,111,90.99,-79,111,140.99,-29,111,18,200,200,-100,-100,100,100,1,
0,48,-118.99,114,-248,-219,114,-248,-118.99,118,-248,12,100,100,-1,-100,100,100,1,
0,348,-180.34,146.55,-203,-179.48,147.65,-203.35,-185.42,146.53,-216.47,11,694.67,694.67,-5.07,-99.99,100,100,1,
1,674,121,410,881,121,300,881,121,410,-709,3,90.9,90.9,-99.99,-1445.31,100,100,1,
0,635,-239,140,231,-239,140,161,-139,140,231,4,142.85,100,-100,-100,100,100,1,
0,28,-339,180,321,-339,180,331,-439,180,321,4,100,100,-10,-100,100,100,1,
0,864,-139,-20,161,-139,-50,141,-125,-50,147,6,100,100,0,0,100,100,1,
0,50,34,12,-486,34,-80.98,-452,34,13,-484,4,100.6,100.6,-99.61,-2.24,100,100,1,
0,27,-439,170,301,-439,165,301,-339,170,301,3,100,100,0,0,100,100,1,
0,36,140.99,-29.1,161.1,140.99,-29.1,111.1,139.99,-29.1,161.1,18,200,200,-100,-2,100,100,-1,
0,24,-339,135,131,-339,140,131,-439,135,131,3,100,100,-5,-100,100,100,1,
0,525,-139,140,161,-99,140,161,-139,200,161,0,100,100,0,0,100,100,1,
0,864,-139,-20,161,-125,-50,147,-119,-50,161,6,100,100,0,0,100,100,1,
0,2,-439,60,-179,-439,55,-179,-339,60,-179,3,100,100,0,0,100,100,1,
0,637,-439,140,166,-439,140,216,-459,140,166,0,100,100,-100,-100,100,100,1,
0,44,90.99,-29,160,90.99,-79,160,140.99,-29,160,18,200,200,-100,-100,100,100,1,
0,28,-439,180,331,-439,180,321,-339,180,331,4,100,100,0,0,100,100,1,
0,668,-579,40,-449,-579,190,-449,-579,40,-489,3,100,100,40,150,100,100,1,
0,40,-339,265,501,-339,270,501,-439,265,501,3,100,100,-5,-100,100,100,1,
0,48,-119,114,-252,-118.99,114,-352,-123,114,-252,12,100,100,-99,-4,100,100,1,
0,0,-139,-50,141,-139,-20,161,-219,-50,141,6,100,100,0,-36,100,100,1,
1,675,121,410,-709,121,300,-709,-849,410,-709,3,90.9,90.9,-99.99,-881.73,100,100,1,
0,3,-99,200,-489,141,200,-489,-99,-80,-489,6,100,100,-240,-280,100,100,1,
0,49,-65,-80,-470,-65,17,-487,-65,-81,-472,4,100.6,100.6,-97.06,97.75,100,100,-1,
0,698,-459,230,166,-459,250,166,-459,230,216,3,100,100,280,-48,100,100,1,
0,863,-139,-20,-409,-125,-50,-395,-139,-50,-389,6,100,100,0,0,100,100,1,
0,381,-219,-50,141,-233,-19,154,-239,-20,141,6,100,100,-157,18,100,100,1,
0,663,-379,190,-449,-379,250,-449,-379,190,-439,3,100,100,40,-100,100,100,1,
0,611,-139,-20,-409,-139,35,-409,-239,-20,-409,6,100,100,35,-120,100,100,-1,
0,73,79.37,-46.28,128.27,79.37,-69.7,128.27,69.59,-46.28,150.37,18,413.76,426.71,3.03,-3.12,100,100,1,
0,30,-439,200,361,-439,195,361,-339,200,361,3,100,100,0,0,100,100,1,
0,57,-199.8,-28.51,153.82,-149.8,-28.51,153.82,-199.8,-33.43,154.68,3,100,100,-50,-4.99,100,100,1,
1,520,-329,420,451,-329,420,571,-449,420,451,8,83.33,83.33,-100,-100,100,100,1,
0,11,-439,50,-189,-439,50,-199,-339,50,-189,4,100,100,0,0,100,100,1,
0,619,-139,150,-489,-139,150,-579,-379,150,-489,8,100,100,-90,-240,100,100,1,
0,306,-439,410,451,-439,410,571,-339,410,451,8,100,100,61,0,100,100,1,
1,45,-449,420,451,-449,300,331,-329,420,451,3,58.92,58.92,-99.99,-70.7,100,100,0,
0,30,-339,195,351,-339,195,361,-439,195,351,4,100,100,-10,-100,100,100,1,
0,21,-339,105,71,-339,110,71,-439,105,71,3,100,100,-5,-100,100,100,1,
0,636,-339,140,231,-339,140,131,-239,140,231,4,100,100,-100,-100,100,100,1,
0,505,-579,230,-449,-579,250,-449,-579,230,-489,3,100,100,30,10,100,100,1,
0,25,-439,145,251,-439,140,251,-339,145,251,3,100,100,0,0,100,100,1,
0,665,-379,40,-579,-379,150,-579,-139,40,-579,3,100,100,140,-90,100,100,1,
0,602,-239,230,-449,-239,250,-449,-239,230,-489,3,100,100,-20,10,100,100,1,
0,26,-439,160,291,-439,160,281,-339,160,291,4,100,100,0,0,100,100,1,
0,637,-559,140,190,-559,140,290,-659,140,190,4,100,100,-100,-100,100,100,1,
0,6,90.99,-79,111,90.99,-29,111,90.99,-79,112,18,200,200,-100,-2,100,100,1,
0,48,-119,114,-252,-218.99,114,-252,-119.01,114,-248,12,100,100,-97.99,-4,100,100,1,
0,48,-219,118,-248,-118.99,118,-248,-219,114,-248,12,100,100,-99,96,100,100,1,
0,17,-439,65,-159,-439,65,-169,-339,65,-159,4,100,100,0,0,100,100,1,
0,381,-219,-50,141,-220,-20,161,-233,-19,154,6,100,100,-36,-80,100,100,1,
0,0,-219,-50,141,-239,-20,141,-219,-50,-389,6,100,100,-80,-36,100,100,1,
0,0,-139,-20,-409,-139,-50,-389,-219,-20,-409,6,100,100,-80,0,100,100,1,
0,380,-219,-50,-389,-239,-20,-389,-233,-20,-403,6,100,100,-36,-80,100,100,1,
0,17,-339,70,-159,-339,70,-149,-439,70,-159,4,100,100,-10,-100,100,100,1,
0,22,-439,120,91,-439,115,91,-339,120,91,3,100,100,0,0,100,100,1,
0,41,-339,275,521,-339,280,521,-439,275,521,3,100,100,-5,-100,100,100,1,
0,38,-439,245,451,-439,240,451,-339,245,451,3,100,100,0,0,100,100,1,
0,380,-219,-50,-389,-233,-20,-403,-219,-20,-409,6,100,100,-157,18,100,100,1,
0,22,-339,120,91,-339,120,101,-439,120,91,4,100,100,-10,-100,100,100,1,
1,34,-599,300,-709,-599,300,-489,-639,300,-709,2,100,100,-40,-220,100,100,1,
0,14,109.99,-79,-390,109.99,-50,-390,80.98,-79,-390,18,344.82,344.82,0,0,100,100,1,
0,863,-139,-20,-409,-119,-50,-409,-125,-50,-395,6,100,100,0,0,100,100,1,
1,514,-599,230,-489,-599,310,-489,-599,230,-449,11,250,250,-200,-100,100,100,0,
0,507,-439,250,451,-439,410,451,-439,250,290,3,100,100,0,0,100,100,1,
0,25,-439,150,261,-439,145,261,-339,150,261,3,100,100,0,0,100,100,1,
0,30,-339,195,361,-339,200,361,-439,195,361,3,100,100,-5,-100,100,100,1,
0,2,-339,60,-179,-339,60,-169,-439,60,-179,4,100,100,-10,-100,100,100,1,
0,17,-439,65,-169,-439,60,-169,-339,65,-169,3,100,100,0,0,100,100,1,
0,622,-439,250,-279,-439,250,291,-339,250,-279,8,100,100,200,-360,100,100,1,
0,0,-239,-20,-389,-219,-50,-389,-239,-20,141,6,100,100,43.94,-494,100,100,1,
0,1,-59,-80,161,-59,-80,-489,141,-80,161,6,100,100,-650,-200,100,100,1,
0,92,-237.32,121.55,-410.5,-237.32,121.55,-509.5,-187.93,35.72,-410.5,4,100.6,100.6,0,0,100,100,1,
0,32,-339,220,401,-339,220,411,-439,220,401,4,100,100,-10,-100,100,100,1,
0,38,-439,250,461,-439,245,461,-339,250,461,3,100,100,0,0,100,100,1,
0,0,-219,-50,-389,-219,-20,-409,-139,-50,-389,6,100,100,43.94,-80,100,100,1,
0,17,-339,65,-159,-339,70,-159,-439,65,-159,3,100,100,-5,-100,100,100,1,
0,306,-339,410,571,-339,410,451,-439,410,571,8,100,100,-181,-100,100,100,1,
0,16,76.08,-30,-429.96,109.02,-30,-428.08,77.95,-30,-462.9,18,299.13,299.13,-98.71,-98.71,100,100,1,
0,637,-459,140,216,-459,140,166,-439,140,216,0,100,100,0,0,100,100,1,
0,670,-459,230,216,-439,230,216,-459,230,166,8,100,100,-20,-50,100,100,1,
0,670,-439,230,166,-459,230,166,-439,230,216,8,100,100,0,0,100,100,1,
0,74,-459.7,174.55,217.95,-459.69,189.05,217.95,-459.71,174.54,232.34,20,694.92,689.65,98.23,-99.24,100,100,1,
0,629,-454,140,216,-454,230,216,-444,140,216,19,100,100,-90,39,100,100,1,
0,108,-439,410,571,-439,410,561,-339,410,571,5,60,100,0,-100,100,100,1,
0,637,-459,140,90,-459,140,190,-559,140,90,4,100,100,-100,-100,100,100,1,
0,629,-453,230,216,-453,140,216,-454,230,166,19,100,100,0,50,100,100,1,
0,629,-444,230,216,-444,140,216,-454,230,216,19,100,100,0,-49,100,100,1,
0,667,-579,40,-279,-579,250,-279,-579,40,-449,3,100,100,40,80,100,100,1,
0,400,-143,137,-242.99,-239,137,-242.99,-143,141,-242.99,12,100,100,4,0,100,100,1,
0,48,-218.99,114,-252,-119,114,-252,-218.99,118,-252,12,100,100,-99.99,96,100,100,1,
0,19,-339,85,-129,-339,85,-119,-439,85,-129,4,100,100,-10,-100,100,100,1,
0,27,-439,170,311,-439,170,301,-339,170,311,4,100,100,0,0,100,100,1,
0,86,-122.65,250,-249.83,-119.65,250,-249.83,-122.65,-47,-249.83,25,3333.33,3333.33,-99.99,-9899.99,100,100,0,
0,63,122.52,-36.36,110.21,72.52,-36.36,110.21,122.52,-36.86,111.08,18,200,200,-2,-100,100,100,-1,
0,400,-139,137,-246.99,-239,137,-246.99,-139,137,-242.99,12,100,100,0,-100,100,100,1,
0,63,72.52,-36.86,111.08,122.52,-36.86,111.08,72.52,-36.36,110.21,18,200,200,-98,97.99,100,100,-1,
1,34,-639,300,-489,-639,300,-709,-599,300,-489,2,100,100,-180,180,100,100,1,
0,400,-143,137,-242.99,-143,137,156.99,-139,137,-242.99,12,100,100,-1,0,100,100,1,
0,400,-239,137,-242.99,-139,137,-242.99,-239,137,-246.99,12,100,100,-100,96,100,100,1,
0,400,-235,141,156.99,-235,141,-246.99,-235,137,156.99,12,100,100,-398,-4,100,100,1,
0,400,-143,137,156.99,-142.99,137,-247,-143,141,156.99,12,100,100,-399,-4,100,100,1,
0,400,-143,141,156.99,-235,141,156.99,-143,137,156.99,12,100,100,-95,-4,100,100,1,
0,400,-239,137,-242.99,-239,137,156.99,-235,137,-242.99,12,100,100,-2,0,100,100,1,
0,400,-143,137,160.99,-239,137,161,-143,141,160.99,12,100,100,3,0,100,100,1,
0,400,-142.99,141,-247,-143,141,156.99,-142.99,137,-247,12,100,100,-5,0,100,100,1,
0,31,-339,205,371,-339,205,381,-439,205,371,4,100,100,-10,-100,100,100,1,
0,0,-220,-20,161,-219,-50,141,-139,-20,161,6,100,100,-80,0,100,100,1,
0,11,-439,45,-199,-439,45,-209,-339,45,-199,4,100,100,0,0,100,100,1,
0,17,-339,65,-169,-339,65,-159,-439,65,-169,4,100,100,-10,-100,100,100,1,
0,620,-339,250,-279,-339,250,-439,-379,250,-279,8,100,100,0,0,100,100,1,
0,400,-235,137,-246.99,-235,137,156.99,-235,141,-246.99,12,100,100,-6,0,100,100,1,
0,53,139.29,-60,65,89.19,-60,65,139.29,-60,-33,3,100,100,49.9,-98,100,100,1,
0,712,90,-80,61,140,-80,61,90,-80,-38,3,100,100,-100,-50,100,100,1,
0,91,-204.28,-50.56,75.89,-205.12,-51.93,125.87,-199.61,-48.79,76.02,3,100,100,-49.99,-4.99,100,100,1,
0,620,-379,250,-439,-379,250,-279,-339,250,-439,8,100,100,-160,-40,100,100,1,
0,56,94.35,-38.74,-17,98.18,-41.95,-17,94.35,-38.74,81,3,100,100,2,34,100,100,1,
0,712,90,-80,-37,90,-75,-37,90,-80,61,3,100,100,-100,-39,100,100,1,
0,74,-458.26,174.55,217.95,-458.25,189.04,217.94,-459.71,174.54,217.95,11,690.47,690.47,-1.04,-8.01,100,100,1,
0,712,90,-75,61,90,-80,61,90,-75,-37,3,100,100,95,-59,100,100,1,
0,712,90,-80,-37,140,-80,-37,90,-75,-37,3,100,100,-100,-50,100,100,1,
0,74,-459.71,174.54,232.34,-459.71,189.03,232.34,-458.26,174.54,232.34,11,690.47,690.47,-2,-2,100,100,1,
0,712,90,-75,61,140,-75,61,90,-80,61,3,100,100,-100,-50,100,100,1,
0,712,140,-75,-37,90,-75,-37,140,-80,-37,3,100,100,50,45,100,100,1,
0,629,-444,230,166,-444,140,166,-444,230,216,19,100,100,0,0,100,100,1,
0,629,-444,140,216,-444,230,216,-444,140,166,19,100,100,-90,-50,100,100,1,
0,400,-239,137,161,-139,137,160.99,-239,137,156.99,12,100,100,-99,96,100,100,1,
0,46,139.88,-78,111.99,139.88,-78,160,91.89,-78,111.99,18,208.96,208.96,-0.32,-0.27,100,100,1,
0,72,-607.85,172,279.14,-590.85,172,250.85,-636.14,172,262.14,18,299.13,299.13,-0.72,-0.72,100,100,1,
0,91,-200.45,-50.16,126,-205.12,-51.93,125.87,-235.26,41.42,127.93,3,100,100,95,-59,100,100,1,
0,712,140,-80,61,90,-80,61,140,-75,61,3,100,100,50,45,100,100,1,
0,91,-235.26,41.42,127.93,-234.42,42.79,77.95,-200.45,-50.16,126,3,100,100,0,0,100,100,1,
0,91,-205.12,-51.93,125.87,-204.28,-50.56,75.89,-240.28,40.58,127.81,3,100,100,-50.99,-99,100,100,1,
0,91,-239.93,39.65,127.8,-235.26,41.42,127.93,-205.12,-51.93,125.87,3,100,100,-100,-39,100,100,1,
0,57,-199.8,-28.51,153.82,-199.8,-33.43,154.69,-199.8,-45.53,57.3,3,100,100,2,34,100,100,1,
0,712,140,-80,-38,90,-80,-38,140,-80,61,3,100,100,50,-49,100,100,1,
0,669,-339,40,-439,-339,250,-439,-339,40,-209,3,100,100,40,500,100,100,1,
0,669,-439,100,-209,-439,40,-209,-439,100,-89,3,100,100,-400,110,100,100,1,
0,670,-439,250,166,-439,230,166,-439,250,216,3,100,100,-250,75,100,100,1,
0,670,-439,140,166,-439,250,166,-439,140,61,3,100,100,190,-75,100,100,1,
0,670,-439,140,61,-439,100,61,-439,140,141,3,100,100,-90,-30,100,100,1,
0,670,-439,250,61,-439,140,61,-439,250,166,3,100,100,-300,-30,100,100,1,
0,670,-439,230,216,-439,250,216,-439,230,166,3,100,100,230,-125,100,100,1,
0,670,-439,250,216,-439,140,216,-439,250,251,3,100,100,-250,4,100,100,1,
0,669,-439,40,-209,-439,250,-209,-439,40,-279,3,100,100,40,500,100,100,1,
0,670,-439,300,451,-439,250,451,-439,300,471,3,100,100,-250,0,100,100,1,
0,670,-439,250,251,-439,140,251,-439,250,471,3,100,100,-250,0,100,100,1,
0,670,-439,140,251,-439,250,251,-439,140,216,3,100,100,140,-39,100,100,1,
0,48,-215,114,-252,-215,114,-352,-218.99,114,-252,12,100,100,-1,0,100,100,1,
0,48,-218.99,114,-352,-218.99,114,-252,-215,114,-352,12,100,100,-99,-3.99,100,100,1,
0,48,-218.99,118,-252,-118.97,118,-252,-219,118,-248,12,100,100,-1,0,100,100,1,
0,659,-339,250,251,-339,140,251,-339,250,231,3,100,100,-150,-20,100,100,1,
0,658,-339,300,471,-339,250,471,-339,300,451,3,100,100,-50,-50,100,100,1,
0,48,-123,118,-356,-122.99,118,-248,-123,114,-356,12,100,100,-5,0,100,100,1,
0,658,-339,250,471,-339,300,471,-339,300,571,3,100,100,0,-50,100,100,1,
0,523,-139,150,-489,-139,40,-489,-139,150,-579,3,100,100,-150,-130,100,100,1,
0,669,-339,250,61,-339,100,61,-339,250,-209,3,100,100,-150,-770,100,100,1,
0,669,-339,100,-209,-339,250,-209,-339,100,61,3,100,100,0,500,100,100,1,
0,669,-339,40,-209,-339,100,-209,-339,100,-89,3,100,100,40,500,100,100,1,
0,669,-339,250,131,-339,140,131,-339,250,61,3,100,100,-150,-570,100,100,1,
0,74,-439.61,189.03,217.94,-438.17,189.03,217.96,-439.61,189.03,232.33,11,695.04,695.04,88.99,-100.01,100,100,1,
0,525,-139,100,166,-139,100,161,-239,100,166,6,100,100,245,-60,100,100,1,
0,525,-239,100,161,-239,100,166,-139,100,161,6,100,100,-250,-40,100,100,1,
0,525,-139,100,166,-139,50,166,-139,100,161,6,100,100,-250,55,100,100,1,
0,74,-458.26,189.03,232.34,-459.7,189.03,232.33,-458.26,189.03,217.95,11,695.04,695.04,88.99,-100.01,100,100,1,
0,525,-139,100,161,-139,140,161,-239,100,161,6,100,100,210,-60,100,100,1,
0,525,-239,140,161,-239,100,161,-139,140,161,6,100,100,-250,-40,100,100,1,
0,525,-239,50,161,-239,0,161,-139,50,161,3,100,100,-250,-40,100,100,1,
0,629,-454,140,166,-454,230,166,-453,140,216,19,100,100,-90,-100,100,100,1,
0,74,-438.17,189.03,232.35,-439.61,189.03,232.33,-438.17,189.03,217.96,11,695.04,695.04,-99,0,100,100,1,
0,74,-438.17,189.04,217.95,-438.16,174.54,217.95,-438.18,189.05,232.34,20,694.92,689.65,-199,0,100,100,1,
0,48,-214.99,114,-356,-215,114,-252,-214.99,118,-356,12,100,100,-103,-4,100,100,1,
0,524,-139,40,-489,-99,40,-489,-139,-20,-489,6,100,100,0,0,100,100,1,
0,524,-139,-20,-489,-99,-20,-489,-99,-80,-489,6,100,100,-40,-180,100,100,1,
0,525,-99,-20,161,-139,-20,161,-99,-80,161,6,100,100,120,0,100,100,1,
0,525,-99,140,161,-139,140,161,-99,-20,161,6,100,100,120,0,100,100,1,
0,400,-239,141,131,-239,141,161,-239,137,131,12,100,100,-26,0,100,100,1,
0,32,-339,215,391,-339,215,401,-439,215,391,4,100,100,-10,-100,100,100,1,
0,525,-139,-20,161,-139,0,161,-239,-20,161,6,100,100,200,-60,100,100,1,
0,525,-139,50,166,-139,100,166,-239,50,166,6,100,100,-50,-100,100,100,1,
0,525,-139,50,161,-139,100,161,-139,50,166,6,100,100,200,-60,100,100,1,
0,525,-239,50,166,-239,50,161,-139,50,166,3,100,100,-7,-100,100,100,1,
0,525,-239,100,161,-239,50,161,-239,100,166,6,100,100,-50,10,100,100,1,
0,525,-139,50,161,-139,50,166,-239,50,161,3,100,100,2,0,100,100,1,
0,91,-234.42,42.79,77.95,-239.09,41.02,77.81,-199.61,-48.79,76.02,3,100,100,2,34,100,100,1,
0,63,123.52,-80.16,86.08,123.52,-36.86,111.08,72.52,-80.16,86.08,18,196.07,200,0,0,100,100,-1,
0,525,-139,-20,161,-99,-20,161,-139,140,161,6,100,100,-160,-160,100,100,1,
0,63,72.52,-36.36,110.21,72.52,-79.66,85.21,122.52,-36.36,110.21,18,200,200,-100,-100,100,100,1,
0,63,72.52,-36.86,111.08,72.52,-80.16,86.08,123.52,-36.86,111.08,18,196.07,200,-98.03,-102,100,100,-1,
0,63,72.52,-79.66,85.21,72.52,-36.36,110.21,72.52,-80.16,86.08,18,200,200,-2,-100,100,100,1,
0,63,122.52,-79.66,85.21,122.52,-36.36,110.21,72.52,-79.66,85.21,18,200,200,0,0,100,100,1,
0,670,-459,230,216,-459,140,216,-439,230,216,3,100,100,-280,55,100,100,1,
0,670,-459,140,166,-459,230,166,-454,140,166,3,100,100,140,-29,100,100,1,
0,670,-439,140,216,-439,230,216,-459,140,216,3,100,100,190,-75,100,100,1,
0,524,-99,-20,-489,-139,-20,-489,-99,40,-489,6,100,100,-40,-60,100,100,1,
0,525,-139,0,161,-139,50,161,-239,0,161,3,100,100,200,-60,100,100,1,
0,91,-239.93,39.65,127.8,-239.09,41.02,77.81,-235.26,41.42,127.93,3,100,100,0,-50,100,100,1,
0,40,-339,270,501,-339,270,511,-439,270,501,4,100,100,-10,-100,100,100,1,
0,56,94.35,-38.74,-17,62.21,-77.04,-17,98.18,-41.95,-17,3,100,100,-49.99,45,100,100,1,
0,56,98.18,-41.95,-18,66.04,-80.25,-18,98.18,-41.95,81,3,100,100,1,0,100,100,1,
0,56,94.35,-38.74,81,62.21,-77.04,81,94.35,-38.74,-17,3,100,100,-49.99,-98,100,100,1,
0,56,62.21,-77.04,81,94.35,-38.74,81,66.04,-80.25,81,3,100,100,0,0,100,100,1,
0,77,-528.78,75.02,-411.72,-528.78,39.96,-411.72,-564.27,75.02,-404.82,18,276.6,285.26,3.02,-3.13,100,100,1,
0,56,66.04,-80.25,-17,98.18,-41.95,-17,62.21,-77.04,-17,3,100,100,0,-50,100,100,1,
0,91,-200.45,-50.16,126,-199.61,-48.79,76.02,-205.12,-51.93,125.87,3,100,100,0,0,100,100,1,
0,91,-199.61,-48.79,76.02,-200.45,-50.16,126,-234.42,42.79,77.95,3,100,100,-49.99,-98,100,100,1,
0,56,66.04,-80.25,-17,62.21,-77.04,-17,66.04,-80.25,81,3,100,100,-100,-39,100,100,1,
0,56,66.04,-80.25,81,98.18,-41.95,81,66.04,-80.25,-18,3,100,100,-50.99,-99,100,100,1,
0,63,72.52,-36.86,111.08,72.52,-80.16,86.08,72.52,-36.36,110.21,18,200,200,-97.99,97.99,100,100,1,
0,56,62.21,-77.04,-17,94.35,-38.74,-17,62.21,-77.04,81,3,100,100,0,0,100,100,1,
0,91,-239.45,41.95,77.84,-240.28,40.58,127.81,-204.28,-50.56,75.89,3,100,100,1,0,100,100,1,
0,56,62.21,-77.04,81,66.04,-80.25,81,62.21,-77.04,-17,3,100,100,95,-59,100,100,1,
0,712,90,-75,-37,140,-75,-37,90,-75,61,3,100,100,-100,0,100,100,1,
0,55,91.19,-50,-29,141.29,-50,-29,91.19,-50,69,3,100,100,-50.09,-98,100,100,1,
0,51,91,-75,63,141,-75,63,91,-75,-36,3,100,100,-100,-50,100,100,1,
0,91,-234.42,42.79,77.95,-235.26,41.42,127.93,-239.09,41.02,77.81,3,100,100,-49.99,45,100,100,1,
0,57,-149.8,-33.43,154.68,-199.8,-33.43,154.68,-149.8,-28.51,153.82,3,100,100,0,0,100,100,1,
0,51,91,-75,-35,91,-70,-35,91,-75,63,3,100,100,-100,-39,100,100,1,
0,74,-459.7,189.03,217.94,-458.26,189.03,217.95,-459.7,189.03,232.33,11,695.04,695.04,-99,0,100,100,1,
0,51,91,-70,63,91,-75,63,91,-70,-35,3,100,100,95,-59,100,100,1,
0,51,91,-75,-35,141,-75,-35,91,-70,-35,3,100,100,-100,-50,100,100,1,
0,74,-458.26,174.55,217.95,-459.71,174.54,217.94,-458.26,174.55,232.35,11,694.67,694.67,89.92,-100.03,100,100,1,
0,51,91,-70,63,141,-70,63,91,-75,63,3,100,100,-100,-50,100,100,1,
0,51,141,-70,-35,91,-70,-35,141,-75,-35,3,100,100,50,45,100,100,1,
0,51,141,-70,63,91,-70,63,141,-70,-35,3,100,100,0,0,100,100,1,
0,712,140,-75,61,90,-75,61,140,-75,-37,3,100,100,50,-98,100,100,1,
0,52,90,-70,61,140,-70,61,90,-70,-38,3,100,100,-100,-50,100,100,1,
0,51,141,-75,63,91,-75,63,141,-70,63,3,100,100,50,45,100,100,1,
0,51,141,-75,-36,91,-75,-36,141,-75,63,3,100,100,50,-49,100,100,1,
0,52,90,-70,-37,90,-65,-37,90,-70,61,3,100,100,-100,-39,100,100,1,
0,74,-458.25,174.55,232.34,-458.25,189.03,232.34,-458.25,174.55,217.95,11,220,296,-41,-92,100,100,1,
0,52,90,-65,61,90,-70,61,90,-65,-37,3,100,100,95,-59,100,100,1,
0,52,90,-70,-37,140,-70,-37,90,-65,-37,3,100,100,-100,-50,100,100,1,
0,74,-459.7,189.04,232.34,-459.71,174.54,232.34,-459.69,189.05,217.95,20,694.92,689.65,-199,0,100,100,1,
0,52,90,-65,61,140,-65,61,90,-70,61,3,100,100,-100,-50,100,100,1,
0,52,140,-65,-37,90,-65,-37,140,-70,-37,3,100,100,50,45,100,100,1,
0,52,90,-65,-37,140,-65,-37,90,-65,61,3,100,100,-100,0,100,100,1,
1,90,-226.76,353.73,677,-226.76,299.26,677,-128.24,353.73,677,17,91.34,101.49,-78,-100,100,100,0,
0,53,89.19,-65,65,139.29,-65,65,89.19,-65,-34,3,100,100,-100,-50,100,100,1,
0,52,140,-70,61,90,-70,61,140,-65,61,3,100,100,50,45,100,100,1,
0,57,-149.8,-28.51,153.82,-199.8,-28.51,153.82,-149.8,-45.53,57.3,3,100,100,50,-98,100,100,1,
0,53,89.19,-65,-33,89.19,-60,-33,89.19,-65,65,3,100,100,-100,-39,100,100,1,
0,74,-458.26,189.03,232.34,-458.26,174.54,232.34,-459.71,189.03,232.34,11,690.47,690.47,-98.04,-8.01,100,100,1,
0,53,89.19,-60,65,89.19,-65,65,89.19,-60,-33,3,100,100,95,-59,100,100,1,
0,53,89.19,-65,-33,139.29,-65,-33,89.19,-60,-33,3,100,100,-100,-50,100,100,1,
0,66,-570,140,240,-570,250,240,-569,140,290,19,199.96,199.96,-219.95,-149.99,100,100,1,
0,53,89.19,-60,65,139.29,-60,65,89.19,-65,65,3,100,100,-100,-50,100,100,1,
0,53,139.29,-60,-33,89.19,-60,-33,139.29,-65,-33,3,100,100,49.9,45,100,100,1,
0,53,89.19,-60,-33,139.29,-60,-33,89.19,-60,65,3,100,100,-100,0,100,100,1,
0,52,140,-65,61,90,-65,61,140,-65,-37,3,100,100,50,-98,100,100,1,
0,54,91.19,-60,63,141.29,-60,63,91.19,-60,-36,3,100,100,-100,-50,100,100,1,
0,53,139.29,-65,65,89.19,-65,65,139.29,-60,65,3,100,100,49.9,45,100,100,1,
0,53,139.29,-65,-34,89.19,-65,-34,139.29,-65,65,3,100,100,49.9,-49,100,100,1,
0,54,91.19,-60,-35,91.19,-55,-35,91.19,-60,63,3,100,100,-100,-39,100,100,1,
1,89,-726.76,353.73,177,-726.76,299.26,177,-628.24,353.73,177,17,91.34,101.49,-78,-100,100,100,0,
0,54,91.19,-55,63,91.19,-60,63,91.19,-55,-35,3,100,100,95,-59,100,100,1,
0,54,91.19,-60,-35,141.29,-60,-35,91.19,-55,-35,3,100,100,-100,-50,100,100,1,
0,74,-458.25,189.03,217.95,-458.24,174.55,217.95,-458.26,189.03,232.34,11,220,296,10,50,100,100,1,
0,54,91.19,-55,63,141.29,-55,63,91.19,-60,63,3,100,100,-100,-50,100,100,1,
0,54,141.29,-55,-35,91.19,-55,-35,141.29,-60,-35,3,100,100,49.9,45,100,100,1,
0,54,91.19,-55,-35,141.29,-55,-35,91.19,-55,63,3,100,100,-100,0,100,100,1,
0,55,141.29,-50,69,91.19,-50,69,141.29,-50,-29,3,100,100,0,0,100,100,1,
0,55,91.19,-55,69,141.29,-55,69,91.19,-55,-30,3,100,100,-100,-50,100,100,1,
0,54,141.29,-60,63,91.19,-60,63,141.29,-55,63,3,100,100,49.9,45,100,100,1,
0,57,-149.8,-50.62,57.19,-199.8,-50.62,57.19,-149.8,-33.43,154.68,3,100,100,1,0,100,100,1,
0,12,91,-30,-390,91,-30,-440,140,-30,-390,18,204.08,200,-2.04,2,100,100,1,
0,56,98.18,-41.95,81,66.04,-80.25,81,94.35,-38.74,81,3,100,100,-49.99,-4.99,100,100,1,
0,57,-199.8,-33.43,154.68,-149.8,-33.43,154.68,-199.8,-50.62,57.19,3,100,100,-51,-98.99,100,100,1,
0,55,91.19,-55,-29,141.29,-55,-29,91.19,-50,-29,3,100,100,-100,-50,100,100,1,
0,74,-459.71,174.54,232.34,-458.26,174.55,232.35,-459.71,174.54,217.94,11,694.67,694.67,-100,0,100,100,1,
0,55,91.19,-50,69,141.29,-50,69,91.19,-55,69,3,100,100,-100,-50,100,100,1,
0,55,141.29,-50,-29,91.19,-50,-29,141.29,-55,-29,3,100,100,49.9,45,100,100,1,
1,90,-128.24,299.26,677,-128.24,353.73,677,-226.76,299.26,677,17,91.34,101.49,29,0,100,100,0,
0,54,141.29,-55,63,91.19,-55,63,141.29,-55,-35,3,100,100,49.9,-98,100,100,1,
0,55,141.29,-55,-30,91.19,-55,-30,141.29,-55,69,3,100,100,49.9,-49,100,100,1,
0,55,141.29,-55,69,91.19,-55,69,141.29,-50,69,3,100,100,49.9,45,100,100,1,
0,57,-149.8,-45.53,57.3,-199.8,-45.53,57.3,-149.8,-50.45,58.17,3,100,100,50,-4.99,100,100,1,
0,57,-199.8,-50.45,58.17,-199.8,-45.53,57.3,-199.8,-33.43,154.68,3,100,100,-100,-39,100,100,1,
0,57,-149.8,-45.53,57.3,-149.8,-50.45,58.16,-149.8,-28.51,153.82,3,100,100,0,34,100,100,1,
0,56,98.18,-41.95,81,94.35,-38.74,81,98.18,-41.95,-17,3,100,100,-6.99,-132,100,100,1,
0,57,-199.8,-50.45,58.17,-149.8,-50.45,58.17,-199.8,-45.53,57.3,3,100,100,-100,0,100,100,1,
0,52,140,-70,-38,90,-70,-38,140,-70,61,3,100,100,50,-49,100,100,1,
0,57,-149.8,-33.43,154.68,-149.8,-28.51,153.82,-149.8,-50.45,58.16,3,100,100,-4.99,-132,100,100,1,
0,54,141.29,-60,-36,91.19,-60,-36,141.29,-60,63,3,100,100,49.9,-49,100,100,1,
0,37,-639,230,-449,-639,190,-449,-239,230,-449,11,250,250,-100,-1000,100,100,1,
0,48,-219,114,-356,-119,114,-356,-219,118,-356,12,100,100,0,0,100,100,1,
0,74,-438.17,174.55,232.34,-438.18,189.05,232.34,-438.16,174.54,217.95,20,694.92,689.65,98.23,-99.24,100,100,1,
0,57,-199.8,-45.53,57.3,-149.8,-45.53,57.3,-199.8,-28.51,153.82,3,100,100,-100,0,100,100,1,
0,48,-118.99,118,-352,-119,118,-252,-218.99,118,-352,12,100,100,-400,0,100,100,0,
0,48,-218.99,118,-252,-218.99,118,-352,-119,118,-252,12,100,100,300,-100,100,100,0,
0,48,-122.99,114,-352,-218.99,114,-352,-122.99,118,-352,12,100,100,3,0,100,100,1,
0,48,-119,114,-356,-219,114,-356,-118.99,114,-352,12,100,100,-1,-100,100,100,1,
0,48,-122.99,114,-248,-123,114,-356,-122.99,118,-248,12,100,100,-103,-4,100,100,1,
0,48,-119,118,-356,-219,118,-356,-119,114,-356,12,100,100,-100,-4,100,100,1,
0,74,-439.62,174.55,217.95,-439.62,189.03,217.95,-439.62,174.55,232.34,11,220,296,-41,-92,100,100,1,
0,74,-439.61,189.03,217.95,-439.61,174.54,217.95,-438.16,189.03,217.95,11,690.47,690.47,-98.04,-8.01,100,100,1,
0,74,-439.61,174.55,232.34,-439.62,189.04,232.35,-438.16,174.54,232.34,11,690.47,690.47,-1.04,-8.01,100,100,1,
0,74,-439.62,189.03,232.34,-439.63,174.55,232.34,-439.61,189.03,217.95,11,220,296,10,50,100,100,1,
0,48,-119,114,-356,-118.99,114,-248,-119,118,-356,12,100,100,-5,0,100,100,1,
0,74,-438.16,174.54,217.95,-439.61,174.55,217.94,-438.16,174.54,232.35,11,694.67,694.67,-100,0,100,100,1,
0,5,-437,153,199,-438,153,199,-437,153,245,20,217.62,199.49,97,8,100,100,1,
0,108,-439,410,561,-439,300,561,-339,410,561,5,96,100,-105.6,-100,100,100,1,
0,74,-438.17,189.03,232.35,-438.16,174.54,232.34,-439.62,189.04,232.35,11,690.47,690.47,-99,-2,100,100,1,
0,348,-184.55,147.63,-216.8,-185.42,146.53,-216.47,-179.48,147.65,-203.35,11,694.67,694.67,-5,0,100,100,1,
0,73,69.59,-46.28,150.37,47.5,-46.28,140.58,79.37,-46.28,128.27,24,413.76,413.76,-99.99,0,100,100,1,
0,348,-190.76,155.84,-199.14,-180.36,146.53,-202.99,-195.81,155.85,-212.59,11,220,296,10,50,100,100,1,
0,21,-439,110,81,-439,110,71,-339,110,81,4,100,100,0,0,100,100,1,
0,23,-439,125,111,-439,125,101,-339,125,111,4,100,100,0,0,100,100,1,
0,348,-195.81,155.85,-212.59,-194.95,156.94,-212.93,-190.76,155.84,-199.14,11,695.04,695.04,-5,0,100,100,1,
0,503,-239,250,-449,-239,0,-449,-239,250,131,3,100,100,-250,-680,100,100,1,
0,348,-185.42,146.53,-216.47,-195.81,155.85,-212.59,-180.36,146.53,-202.99,11,220,296,-41,-92,100,100,1,
0,670,-454,230,166,-454,140,166,-459,230,166,3,100,100,-230,24,100,100,1,
0,348,-179.51,147.63,-203.36,-189.89,156.94,-199.45,-184.54,147.62,-216.8,29,689.81,695.07,99,0,100,100,1,
0,599,-139.65,140,155.16,-142.65,140,155.16,-139.65,250,155.16,25,3333.33,3333.33,-99.99,-647.04,100,100,0,
0,73,47.5,-69.7,140.58,69.59,-69.7,150.37,57.28,-69.7,118.49,18,408.45,408.45,-98.71,-98.71,100,100,1,
0,588,-459,140,239,-459,250,239,-570,140,240,22,90.9,90.9,0,0,100,100,1,
0,588,-570,250,240,-570,140,240,-459,250,239,22,90.9,90.9,-100,-100,100,100,1,
0,68,-659,140,190,-659,250,190,-609,140,189,19,199.96,199.96,-219.95,-149.99,100,100,1,
0,66,-569,250,290,-569,140,290,-570,250,240,19,199.96,199.96,0,50,100,100,1,
0,67,-609,140,189,-609,250,189,-610,140,90,23,100,100,0,0,100,100,1,
0,67,-610,250,90,-610,140,90,-609,250,189,23,100,100,-110,-99,100,100,1,
0,68,-609,250,189,-609,140,189,-659,250,190,19,199.96,199.96,0,50,100,100,1,
0,630,-139,40,-579,-139,40,-509,-239,40,-579,4,142.85,100,-99.99,-100,100,100,1,
0,69,-647,172,263,-647,140,263,-647,172,230,18,303.02,312.5,-100,-100,100,100,1,
0,69,-647,140,263,-647,172,263,-614,140,263,18,303.02,312.5,-100,-100,100,100,1,
0,69,-647,172,263,-647,172,230,-614,172,263,18,303.02,303.02,-100,-100,100,100,1,
0,48,-218.99,114,-352,-118.99,114,-352,-219,114,-356,12,100,100,-99,95.99,100,100,1,
0,69,-614,172,230,-614,140,230,-614,172,263,18,303.02,312.5,0,0,100,100,1,
0,69,-614,172,263,-614,140,263,-647,172,263,18,303.02,312.5,3.03,-3.12,100,100,1,
0,69,-647,140,230,-647,172,230,-647,140,263,18,303.02,312.5,3.03,-3.12,100,100,1,
0,77,-528.78,39.96,-411.72,-528.78,75.02,-411.72,-535.66,39.96,-447.21,18,276.6,285.26,-100,-100,100,100,1,
0,69,-614,140,230,-614,172,230,-647,140,230,18,303.02,312.5,0,0,100,100,1,
0,77,-535.66,75.02,-447.21,-535.66,39.96,-447.21,-528.78,75.02,-411.72,18,276.6,285.26,3.02,-3.12,100,100,1,
0,69,-614,172,230,-614,172,263,-647,172,230,18,303.02,303.02,0,0,100,100,1,
0,77,-571.16,75.02,-440.31,-571.16,39.96,-440.31,-535.66,75.02,-447.21,18,276.6,285.26,-100,-100,100,100,1,
0,70,-600.36,172,277.64,-600.36,140,277.64,-611.64,172,246.63,18,303.02,312.5,-100,-100,100,100,1,
0,70,-600.36,140,277.64,-600.36,172,277.64,-569.35,140,266.36,18,303.02,312.5,-100,-100,100,100,1,
0,70,-600.36,172,277.64,-611.64,172,246.62,-569.35,172,266.36,18,303.02,303.02,-100,-100,100,100,1,
0,77,-535.66,39.96,-447.21,-535.66,75.02,-447.21,-571.16,39.96,-440.31,18,276.6,285.26,3.02,-3.16,100,100,1,
0,70,-580.63,172,235.35,-580.63,140,235.35,-569.35,172,266.36,18,303.02,312.5,0,0,100,100,1,
0,70,-580.63,172,235.35,-569.35,172,266.36,-611.64,172,246.63,18,303.02,303.02,0,0,100,100,1,
0,70,-611.64,140,246.63,-611.64,172,246.63,-600.36,140,277.64,18,303.02,312.5,3.03,-3.11,100,100,1,
0,79,-450.65,64.79,-577.01,-451.97,64.79,-551.66,-475.98,64.79,-578.34,18,394.25,394.25,0,0,100,100,1,
0,70,-580.63,140,235.35,-580.63,172,235.35,-611.64,140,246.63,18,303.02,312.5,0,0,100,100,1,
0,70,-569.35,140,266.36,-569.35,172,266.36,-580.63,140,235.35,18,303.02,312.5,-96.96,-103.11,100,100,1,
0,70,-569.35,172,266.36,-569.35,140,266.36,-600.36,172,277.64,18,303.02,312.5,3.03,-3.11,100,100,1,
0,78,-529.89,151.91,-334.18,-529.89,151.91,-285.83,-578.15,151.91,-334.18,18,206.86,206.86,0,0,100,100,1,
0,16,76.08,-30,-429.96,76.08,2,-429.96,109.02,-30,-428.08,18,312.5,303.02,0,0,100,100,1,
0,96,-194,249.99,195.32,-194,249.99,185.34,-184,249.99,195.32,31,1000,1000,0,0,100,100,0,
0,95,-474,249.99,-414.66,-474,249.99,-404.68,-484,249.99,-414.66,31,1000,1000,-99.79,-100,100,100,0,
0,78,-578.15,151.91,-285.83,-578.15,151.91,-334.18,-529.89,151.91,-285.83,18,206.86,206.86,-100.01,-99.83,100,100,1,
0,95,-484,249.99,-404.68,-484,249.99,-414.66,-474,249.99,-404.68,31,1000,1000,0,0,100,100,0,
0,94,-384,249.99,-214.66,-384,249.99,-204.68,-394,249.99,-214.66,31,1000,1000,-99.79,-100,100,100,0,
0,94,-394,249.99,-204.68,-394,249.99,-214.66,-384,249.99,-204.68,31,1000,1000,0,0,100,100,0,
0,79,-450.65,64.79,-577.01,-450.65,40.19,-577.01,-451.98,64.79,-551.69,18,394.25,406.58,0,0,100,100,1,
0,93,-384,249.99,-14.65,-384,249.99,-4.68,-394,249.99,-14.65,31,1000,1000,-99.79,-100,100,100,0,
0,79,-451.98,40.19,-551.69,-451.98,64.79,-551.69,-450.65,40.19,-577.01,18,394.25,406.58,-96.98,-103.08,100,100,1,
0,93,-394,249.99,-4.68,-394,249.99,-14.65,-384,249.99,-4.68,31,1000,1000,0,0,100,100,0,
0,69,-647,172,230,-647,140,230,-614,172,230,18,303.02,312.5,-96.96,-103.12,100,100,1,
0,72,-636.14,204,262.14,-636.14,172,262.14,-619.14,204,233.85,18,303.02,312.5,-100,-100,100,100,1,
0,72,-636.14,172,262.14,-636.14,204,262.14,-607.85,172,279.14,18,303.02,312.5,-100,-100,100,100,1,
0,72,-636.14,204,262.14,-619.14,204,233.85,-607.85,204,279.14,18,303.02,303.02,-100,-100,100,100,1,
0,87,-549.63,60.8,-462.71,-550.21,61.93,-463.94,-548.03,60.8,-463.48,26,283.67,283.67,-89,-5,100,100,1,
0,72,-590.85,204,250.85,-590.85,172,250.85,-607.85,204,279.14,18,303.02,312.5,0,0,100,100,1,
0,72,-607.85,204,279.14,-607.85,172,279.14,-636.14,204,262.14,18,303.02,312.5,3.03,-3.14,100,100,1,
0,72,-619.14,172,233.85,-619.14,204,233.85,-636.14,172,262.14,18,303.02,312.5,3.03,-3.14,100,100,1,
0,31,-339,210,381,-339,210,391,-439,210,381,4,100,100,-10,-100,100,100,1,
0,72,-590.85,172,250.85,-590.85,204,250.85,-619.14,172,233.85,18,303.02,312.5,0,0,100,100,1,
0,72,-607.85,172,279.14,-607.85,204,279.14,-590.85,172,250.85,18,303.02,312.5,-96.96,-103.14,100,100,1,
0,72,-590.85,204,250.85,-607.85,204,279.14,-619.14,204,233.85,18,303.02,303.02,-0.01,-0.01,100,100,1,
0,639,-339,41,-219,-339,101,-99,-439,41,-219,0,62.5,100,-100,-100,100,100,1,
0,78,-578.15,151.91,-334.18,-578.15,105.05,-334.18,-529.89,151.91,-334.18,18,206.86,213.34,-100,-100,100,100,1,
0,7,-578.58,105.07,-279.41,-578.58,105.07,-346.61,-511.38,105.07,-279.41,18,148.8,148.8,-100,-100,100,100,1,
0,78,-529.89,105.05,-285.83,-529.89,151.91,-285.83,-529.89,105.05,-334.18,18,206.86,213.34,-100,-100,100,100,1,
0,7,-511.38,105.07,-346.61,-511.38,39.9,-346.61,-511.38,105.07,-279.41,18,153.44,148.8,0,0,100,100,1,
0,78,-529.89,105.05,-334.18,-529.89,151.91,-334.18,-578.15,105.05,-334.18,18,206.86,213.34,3.06,-2.95,100,100,1,
0,72,-619.14,204,233.85,-619.14,172,233.85,-590.85,204,250.85,18,303.02,312.5,-96.96,-103.14,100,100,1,
0,79,-477.3,64.79,-553.01,-477.3,40.19,-553.01,-475.98,64.79,-578.34,18,394.25,406.58,-100,-100,100,100,1,
0,7,-511.38,39.9,-346.61,-511.38,105.07,-346.61,-578.58,39.9,-346.61,18,148.8,153.44,0,0,100,100,1,
0,79,-475.98,40.19,-578.34,-475.98,64.79,-578.34,-477.3,40.19,-553.01,18,394.25,406.58,3.01,-3.12,100,100,1,
0,7,-511.38,39.9,-279.41,-511.38,105.07,-279.41,-511.38,39.9,-346.61,18,153.44,148.8,-100,-100,100,100,1,
0,79,-477.3,40.19,-553.01,-477.3,64.79,-553.01,-451.98,40.19,-551.69,18,394.25,406.58,-100,-100,100,100,1,
0,70,-611.64,172,246.63,-611.64,140,246.63,-580.63,172,235.35,18,303.02,312.5,-96.96,-103.11,100,100,1,
0,8,-578.34,39.86,-347.65,-578.34,87.11,-347.65,-529.61,39.86,-347.65,18,205.22,211.64,-100,-100,100,100,1,
0,8,-578.34,87.11,-347.65,-578.34,87.11,-396.38,-529.61,87.11,-347.65,18,205.22,205.22,-100,-100,100,100,1,
0,7,-511.38,105.07,-346.61,-511.38,105.07,-279.41,-578.58,105.07,-346.61,18,148.8,148.8,0,0,100,100,1,
0,8,-529.61,87.11,-396.38,-529.61,39.86,-396.38,-529.61,87.11,-347.65,18,205.22,211.64,0,0,100,100,1,
0,8,-529.61,87.11,-347.65,-529.61,39.86,-347.65,-578.34,87.11,-347.65,18,205.22,211.64,3.03,-3.13,100,100,1,
0,79,-451.98,64.79,-551.69,-451.98,40.19,-551.69,-477.3,64.79,-553.01,18,394.25,406.58,3.01,-3.08,100,100,1,
0,79,-477.3,64.79,-553.01,-475.97,64.79,-578.32,-451.98,64.79,-551.69,18,394.25,394.25,-100,-100,100,100,1,
0,8,-529.61,39.86,-396.38,-529.61,87.11,-396.38,-578.34,39.86,-396.38,18,205.22,211.64,0,0,100,100,1,
0,8,-529.61,39.86,-347.65,-529.61,87.11,-347.65,-529.61,39.86,-396.38,18,205.22,211.64,-96.96,-103.13,100,100,1,
0,8,-529.61,87.11,-396.38,-529.61,87.11,-347.65,-578.34,87.11,-396.38,18,205.22,205.22,0,0,100,100,1,
0,78,-529.89,151.91,-334.18,-529.89,105.05,-334.18,-529.89,151.91,-285.83,18,206.86,213.34,3.06,-3.14,100,100,1,
0,80,-451.93,64.14,-551.63,-451.93,88.83,-551.63,-450.6,64.14,-577.04,18,392.67,404.96,-100,-100,100,100,1,
0,9,-578.34,39.86,-529.65,-578.34,87.11,-529.65,-529.61,39.86,-529.65,18,205.22,211.64,-100,-100,100,100,1,
0,9,-578.34,87.11,-529.65,-578.34,87.11,-578.38,-529.61,87.11,-529.65,18,205.22,205.22,-100,-100,100,100,1,
0,7,-578.58,105.07,-346.61,-578.58,39.9,-346.61,-511.38,105.07,-346.61,18,148.8,153.44,-96.97,-103.11,100,100,1,
0,9,-529.61,87.11,-578.38,-529.61,39.86,-578.38,-529.61,87.11,-529.65,18,205.22,211.64,0,0,100,100,1,
0,9,-529.61,87.11,-529.65,-529.61,39.86,-529.65,-578.34,87.11,-529.65,18,205.22,211.64,3.03,-3.13,100,100,1,
0,80,-450.6,88.83,-577.04,-450.6,64.14,-577.04,-451.93,88.83,-551.63,18,392.67,404.96,3.04,-3.04,100,100,1,
0,8,-578.34,87.11,-396.38,-578.34,39.86,-396.38,-529.61,87.11,-396.38,18,205.22,211.64,-96.96,-103.13,100,100,1,
0,79,-475.98,64.79,-578.34,-475.98,40.19,-578.34,-450.65,64.79,-577.01,18,394.25,406.58,-100,-100,100,100,1,
0,9,-529.61,39.86,-529.65,-529.61,87.11,-529.65,-529.61,39.86,-578.38,18,205.22,211.64,-96.96,-103.13,100,100,1,
0,9,-529.61,87.11,-578.38,-529.61,87.11,-529.65,-578.34,87.11,-578.38,18,205.22,205.22,0,0,100,100,1,
0,80,-450.6,88.83,-577.04,-451.93,88.83,-551.61,-476.03,88.83,-578.39,18,392.67,392.67,0,0,100,100,1,
0,92,-237.41,121.5,-509.5,-237.41,121.5,-410.5,-239.2,120.17,-509.5,4,100.6,100.6,0,0,100,100,0,
0,92,-187.78,35.84,-410.5,-237.41,121.5,-410.5,-189.57,34.51,-410.5,4,100.6,100.6,0,0,100,100,-1,
0,50,34,-80.06,-450.17,-65,-80.06,-450.17,34,13.03,-483.91,4,100.6,100.6,-99.59,-99.61,100,100,1,
0,79,-450.65,40.19,-577.01,-450.65,64.79,-577.01,-475.98,40.19,-578.34,18,394.25,406.58,3.01,-3.12,100,100,1,
0,65,100,100,0,100,0,0,0,100,0,27,12.5,12.5,-100.01,-12.5,100,100,0,
0,525,-99,200,161,-139,200,161,-99,140,161,0,100,100,-40,-60,100,100,1,
0,16,109.02,2,-428.08,76.08,2,-429.96,110.9,2,-461.02,18,303.02,303.02,-99.99,0,100,100,1,
0,80,-477.36,88.83,-552.96,-476.03,88.83,-578.37,-451.93,88.83,-551.63,18,392.67,392.67,-100,-100,100,100,1,
0,16,110.9,2,-461.02,110.9,-30,-461.02,109.02,2,-428.08,18,303.02,312.5,3.03,-3.12,100,100,1,
0,16,77.95,2,-462.9,77.95,-30,-462.9,110.9,2,-461.02,18,303.02,312.5,3.03,-3.12,100,100,1,
1,108,-439,300,571,-439,410,571,-339,300,571,5,97,100,0,-100,100,100,1,
0,80,-476.03,64.14,-578.39,-476.03,88.83,-578.39,-477.36,64.14,-552.96,18,392.67,404.96,0,0,100,100,1,
0,75,-565.39,111.83,-530.02,-565.39,87.14,-530.02,-567.97,111.83,-555.35,18,392.67,404.96,-100,-100,100,100,1,
0,75,-565.39,87.14,-530.02,-565.39,111.83,-530.02,-539.98,87.14,-532.66,18,392.67,404.96,-100,-100,100,100,1,
0,75,-565.39,111.83,-530.02,-568.04,111.83,-555.37,-539.98,111.83,-532.66,18,392.67,392.67,-100,-100,100,100,1,
0,80,-477.36,88.83,-552.96,-477.36,64.14,-552.96,-476.03,88.83,-578.39,18,392.67,404.96,-96.95,-103.12,100,100,1,
0,75,-542.64,111.83,-558.01,-542.64,87.14,-558.01,-539.98,111.83,-532.66,18,392.67,404.96,0,0,100,100,1,
0,75,-542.64,111.83,-558.01,-540.04,111.83,-532.66,-567.97,111.83,-555.35,18,392.67,392.67,0,0,100,100,1,
0,75,-567.97,87.14,-555.35,-567.97,111.83,-555.35,-565.39,87.14,-530.02,18,392.67,404.96,3.04,-3.1,100,100,1,
0,80,-477.36,64.14,-552.96,-477.36,88.83,-552.96,-451.93,64.14,-551.63,18,392.67,404.96,-100,-100,100,100,1,
0,75,-542.64,87.14,-558.01,-542.64,111.83,-558.01,-567.97,87.14,-555.35,18,392.67,404.96,0,0,100,100,1,
0,80,-451.93,88.83,-551.63,-451.93,64.14,-551.63,-477.36,88.83,-552.96,18,392.67,404.96,3.04,-3.12,100,100,1,
0,75,-539.98,111.83,-532.66,-539.98,87.14,-532.66,-565.39,111.83,-530.02,18,392.67,404.96,3.04,-3.45,100,100,1,
0,16,110.9,-30,-461.02,77.95,-30,-462.9,109.02,-30,-428.08,18,299.13,299.13,0,0,100,100,1,
0,76,-528.34,87.11,-529.65,-528.34,39.86,-529.65,-528.34,87.11,-578.38,18,205.22,211.64,-100,-100,100,100,1,
0,76,-528.34,39.86,-529.65,-528.34,87.11,-529.65,-479.61,39.86,-529.65,18,205.22,211.64,-100,-100,100,100,1,
0,76,-528.34,87.11,-529.65,-528.34,87.11,-578.38,-479.61,87.11,-529.65,18,205.22,205.22,-100,-100,100,100,1,
0,75,-567.97,111.83,-555.35,-567.97,87.14,-555.35,-542.64,111.83,-558.01,18,392.67,404.96,-96.95,-103.14,100,100,1,
0,76,-479.61,87.11,-578.38,-479.61,39.86,-578.38,-479.61,87.11,-529.65,18,205.22,211.64,0,0,100,100,1,
0,76,-479.61,87.11,-529.65,-479.61,39.86,-529.65,-528.34,87.11,-529.65,18,205.22,211.64,3.03,-3.13,100,100,1,
0,76,-528.34,39.86,-578.38,-528.34,87.11,-578.38,-528.34,39.86,-529.65,18,205.22,211.64,3.03,-3.13,100,100,1,
0,80,-476.03,88.83,-578.39,-476.03,64.14,-578.39,-450.6,88.83,-577.04,18,392.67,404.96,-100,-100,100,100,1,
0,87,-549.02,58.09,-465.55,-548.03,60.8,-463.48,-549.63,59.23,-466.73,26,283.67,283.67,-94,-5,100,100,1,
0,76,-479.61,39.86,-529.65,-479.61,87.11,-529.65,-479.61,39.86,-578.38,18,205.22,211.64,-96.96,-103.13,100,100,1,
0,76,-479.61,87.11,-578.38,-479.61,87.11,-529.65,-528.34,87.11,-578.38,18,205.22,205.22,0,0,100,100,1,
0,75,-539.98,87.14,-532.66,-539.98,111.83,-532.66,-542.64,87.14,-558.01,18,392.67,404.96,-96.95,-103.22,100,100,1,
0,77,-564.27,75.02,-404.82,-564.27,39.96,-404.82,-571.16,75.02,-440.31,18,276.6,285.26,-100,-100,100,100,1,
0,77,-564.27,39.96,-404.82,-564.27,75.02,-404.82,-528.78,39.96,-411.72,18,276.6,285.26,-100,-100,100,100,1,
0,77,-564.27,75.02,-404.82,-571.15,75.02,-440.3,-528.78,75.02,-411.72,18,276.6,276.6,-100,-100,100,100,1,
0,80,-450.6,64.14,-577.04,-450.6,88.83,-577.04,-476.03,64.14,-578.39,18,392.67,404.96,3.04,-3.12,100,100,1,
0,69,-614,140,263,-614,172,263,-614,140,230,18,303.02,312.5,-96.96,-103.12,100,100,1,
0,77,-535.66,75.02,-447.21,-528.77,75.02,-411.72,-571.16,75.02,-440.31,18,276.6,276.6,0,0,100,100,1,
0,77,-571.16,39.96,-440.31,-571.16,75.02,-440.31,-564.27,39.96,-404.82,18,276.6,285.26,3.02,-3.12,100,100,1,
1,801,27.76,299.26,-123,27.76,353.73,-123,-70.76,299.26,-123,17,91.34,101.49,29,0,100,100,0,
0,599,-142.65,250,155.16,-139.65,250,155.16,-142.65,140,155.16,25,3333.33,3333.33,-0.01,-3019.62,100,100,0,
0,58,-235.45,140,155.16,-238.45,140,155.16,-235.45,250,155.16,25,3333.33,3333.33,-99.99,-647.04,100,100,0,
0,58,-238.45,250,155.16,-235.45,250,155.16,-238.45,140,155.16,25,3333.33,3333.33,-0.01,-3019.62,100,100,0,
0,81,-235.45,140,-244.84,-238.45,140,-244.84,-235.45,250,-244.84,25,3333.33,3333.33,-99.99,-647.04,100,100,0,
0,81,-238.45,250,-244.84,-235.45,250,-244.84,-238.45,140,-244.84,25,3333.33,3333.33,-0.01,-3019.62,100,100,0,
0,82,-139.65,140,-244.84,-142.65,140,-244.84,-139.65,250,-244.84,25,3333.33,3333.33,-99.99,-647.04,100,100,0,
0,82,-142.65,250,-244.84,-139.65,250,-244.84,-142.65,140,-244.84,25,3333.33,3333.33,-0.01,-3019.62,100,100,0,
0,84,-119.65,-47,-353.84,-122.65,-47,-353.84,-119.65,250,-353.84,25,3333.33,3333.33,0,0,100,100,0,
0,503,-239,140,131,-239,0,131,-239,140,161,3,-100,-100,140,0,100,100,1,
0,43,-339,295,551,-339,295,561,-439,295,551,4,100,100,-10,-100,100,100,1,
0,42,-339,290,541,-339,290,551,-439,290,541,4,100,100,-10,-100,100,100,1,
0,42,-339,285,531,-339,285,541,-439,285,531,4,100,100,-10,-100,100,100,1,
0,39,-339,260,481,-339,260,491,-439,260,481,4,100,100,-10,-100,100,100,1,
0,38,-339,250,461,-339,250,471,-439,250,461,4,100,100,-10,-100,100,100,1,
0,35,-339,235,431,-339,235,441,-439,235,431,4,100,100,-10,-100,100,100,1,
0,33,-339,230,421,-339,230,431,-439,230,421,4,100,100,-10,-100,100,100,1,
0,16,110.9,-30,-461.02,110.9,2,-461.02,77.95,-30,-462.9,18,303.02,312.5,-100,-100,100,100,1,
0,16,109.02,-30,-428.08,109.02,2,-428.08,110.9,-30,-461.02,18,303.02,312.5,-100,-100,100,100,1,
0,16,109.02,2,-428.08,109.02,-30,-428.08,76.08,2,-429.96,18,312.5,303.02,-100,-100,100,100,1,
0,16,76.08,2,-429.96,76.08,-30,-429.96,77.95,2,-462.9,18,303.02,312.5,-100,-100,100,100,1,
0,16,77.95,-30,-462.9,77.95,2,-462.9,76.08,-30,-429.96,18,303.02,312.5,3.03,-3.12,100,100,1,
0,16,77.95,2,-462.9,110.9,2,-461.02,76.08,2,-429.96,18,303.02,303.02,0,-100,100,100,1,
0,59,-553.73,64.83,-485.97,-553.73,40.14,-485.97,-571.99,64.83,-503.71,18,392.67,404.96,-100,-100,100,100,1,
0,59,-553.73,40.14,-485.97,-553.73,64.83,-485.97,-535.96,40.14,-504.32,18,392.67,404.96,-100,-100,100,100,1,
0,59,-553.73,64.83,-485.97,-572.04,64.83,-503.68,-535.96,64.83,-504.32,18,392.67,392.67,-100,-100,100,100,1,
0,59,-554.29,64.83,-522.03,-554.29,40.14,-522.03,-535.96,64.83,-504.32,18,392.67,404.96,0,0,100,100,1,
0,59,-554.29,64.83,-522.03,-536,64.83,-504.28,-571.99,64.83,-503.71,18,392.67,392.67,0,0,100,100,1,
0,59,-571.99,40.14,-503.71,-571.99,64.83,-503.71,-553.73,40.14,-485.97,18,392.67,404.96,3.04,-3.1,100,100,1,
0,59,-554.29,40.14,-522.03,-554.29,64.83,-522.03,-571.99,40.14,-503.71,18,392.67,404.96,0,0,100,100,1,
0,59,-535.96,64.83,-504.32,-535.96,40.14,-504.32,-553.73,64.83,-485.97,18,392.67,404.96,3.04,-3.45,100,100,1,
0,59,-571.99,64.83,-503.71,-571.99,40.14,-503.71,-554.29,64.83,-522.03,18,392.67,404.96,-96.95,-103.14,100,100,1,
0,59,-535.96,40.14,-504.32,-535.96,64.83,-504.32,-554.29,40.14,-522.03,18,392.67,404.96,-96.95,-103.22,100,100,1,
0,639,-439,141,131,-439,101,51,-339,141,131,0,62.5,100,16.14,0,100,100,1,
0,639,-339,101,51,-339,141,131,-439,101,51,0,62.5,100,-72.04,-100,100,100,1,
0,64,-394,249.99,195.32,-394,249.99,185.34,-384,249.99,195.32,31,1000,1000,0,0,100,100,0,
0,64,-384,249.99,185.34,-384,249.99,195.32,-394,249.99,185.34,31,1000,1000,-99.79,-100,100,100,0,
0,87,-548.39,61.08,-467.97,-551.19,53.42,-473.75,-546.72,57.86,-464.49,23,100,100,-10,-10,100,100,1,
0,87,-552.9,61.08,-465.78,-555.7,53.42,-471.58,-548.39,61.08,-467.97,23,100,100,-10,-10,100,100,1,
0,87,-551.23,57.86,-462.33,-554.02,50.2,-468.13,-552.9,61.08,-465.78,23,100,100,-10,-10,100,100,1,
0,87,-546.72,57.86,-464.49,-549.53,50.2,-470.31,-551.23,57.86,-462.33,23,100,100,-10,-10,100,100,1,
0,87,-554.02,50.2,-468.13,-551.23,57.86,-462.33,-549.53,50.2,-470.31,23,100,100,0,5,100,100,1,
0,87,-555.7,53.42,-471.58,-552.9,61.08,-465.78,-554.02,50.2,-468.13,23,100,100,0,5,100,100,1,
0,87,-551.19,53.42,-473.75,-548.39,61.08,-467.97,-555.7,53.42,-471.58,23,100,100,0,5,100,100,1,
0,87,-549.53,50.2,-470.31,-546.72,57.86,-464.49,-551.19,53.42,-473.75,23,100,100,0,5,100,100,1,
0,87,-549.53,50.2,-470.31,-551.19,53.42,-473.75,-554.02,50.2,-468.13,23,100,100,0,5,100,100,1,
0,87,-555.7,53.42,-471.58,-554.02,50.2,-468.13,-551.19,53.42,-473.75,23,100,100,-5,-10,100,100,1,
0,87,-551.23,57.86,-462.33,-552.9,61.08,-465.78,-546.72,57.86,-464.49,23,100,100,0,5,100,100,1,
0,87,-548.63,61.93,-464.7,-548.03,60.8,-463.48,-550.21,61.93,-463.94,26,283.67,283.67,84,0,100,100,1,
0,87,-548.39,61.08,-467.97,-546.72,57.86,-464.49,-552.9,61.08,-465.78,23,100,100,-5,-10,100,100,1,
0,87,-551.19,59.23,-465.99,-550.21,61.93,-463.94,-550.6,58.09,-464.77,26,283.67,283.67,-94,-5,100,100,1,
0,87,-548.03,60.8,-463.48,-549.02,58.09,-465.55,-549.63,60.8,-462.71,26,283.67,283.67,84,0,100,100,1,
0,87,-548.63,61.93,-464.7,-549.63,59.22,-466.73,-548.03,60.8,-463.48,26,283.67,283.67,84,0,100,100,1,
0,87,-550.21,61.93,-463.94,-551.19,59.23,-465.99,-548.63,61.93,-464.7,26,283.67,283.67,84,0,100,100,1,
0,87,-549.63,60.8,-462.71,-550.6,58.09,-464.77,-550.21,61.93,-463.94,26,283.67,283.67,84,0,100,100,1,
0,87,-550.6,58.09,-464.77,-549.63,60.8,-462.71,-549.02,58.09,-465.55,26,283.67,283.67,-94,-5,100,100,1,
0,87,-549.63,59.23,-466.73,-548.63,61.93,-464.7,-551.19,59.23,-465.99,26,283.67,283.67,-94,-5,100,100,1,
0,71,-599.76,150.29,199.99,-602.98,150.29,219.76,-579.99,150.29,203.21,42,492.96,492.96,-98,-98,100,100,1,
0,71,-583.21,150.29,222.98,-579.99,150.29,203.21,-602.98,150.29,219.76,42,492.96,492.96,-0.72,-0.72,100,100,1,
0,71,-602.98,169.7,219.76,-602.98,150.29,219.76,-599.76,169.7,199.99,42,499.37,514.99,-100,-100,100,100,1,
0,71,-602.98,150.29,219.76,-602.98,169.7,219.76,-583.21,150.29,222.98,42,499.37,514.99,-100,-100,100,100,1,
0,71,-602.98,169.7,219.76,-599.76,169.7,199.99,-583.21,169.7,222.98,42,499.37,499.37,-100,-100,100,100,1,
0,71,-579.99,169.7,203.21,-579.99,150.29,203.21,-583.21,169.7,222.98,42,499.37,514.99,0,0,100,100,1,
0,71,-583.21,169.7,222.98,-583.21,150.29,222.98,-602.98,169.7,219.76,42,499.37,514.99,3.03,-3.14,100,100,1,
0,71,-599.76,150.29,199.99,-599.76,169.7,199.99,-602.98,150.29,219.76,42,499.37,514.99,3.03,-3.14,100,100,1,
0,71,-579.99,150.29,203.21,-579.99,169.7,203.21,-599.76,150.29,199.99,42,499.37,514.99,0,0,100,100,1,
0,71,-583.21,150.29,222.98,-583.21,169.7,222.98,-579.99,150.29,203.21,42,499.37,514.99,-96.96,-103.14,100,100,1,
0,71,-579.99,169.7,203.21,-583.21,169.7,222.98,-599.76,169.7,199.99,42,499.37,499.37,-0.01,-0.01,100,100,1,
0,71,-599.76,169.7,199.99,-599.76,150.29,199.99,-579.99,169.7,203.21,42,499.37,514.99,-96.96,-103.14,100,100,1, 100,100,1, 